R 1 1 1 000 1487597359332
R 1 1 1 001 1487597360768
R 1 1 1 002 1487597362394
R 1 1 1 003 1487597363999
R 1 1 1 004 1487597365383
R 1 1 1 005 1487597366782
R 1 1 1 006 1487597368175
R 1 1 1 007 1487597369425
R 1 1 1 008 1487597370936
R 1 1 1 009 1487597372241
---
W 1 1 1 000 1487597358312
W 1 1 1 001 1487597360192
W 1 1 1 002 1487597361689
W 1 1 1 003 1487597363355
W 1 1 1 004 1487597364932
W 1 1 1 005 1487597366268
W 1 1 1 006 1487597367646
W 1 1 1 007 1487597368984
W 1 1 1 008 1487597370388
W 1 1 1 009 1487597371776
***
R 1 1 2 000 1487597425442
R 1 1 2 001 1487597427029
R 1 1 2 002 1487597428468
R 1 1 2 003 1487597429825
R 1 1 2 004 1487597431249
R 1 1 2 005 1487597432833
R 1 1 2 006 1487597434292
R 1 1 2 007 1487597435595
R 1 1 2 008 1487597436942
R 1 1 2 009 1487597438536
---
W 1 1 2 000 1487597424575
W 1 1 2 001 1487597426524
W 1 1 2 002 1487597427949
W 1 1 2 003 1487597429308
W 1 1 2 004 1487597430742
W 1 1 2 005 1487597432187
W 1 1 2 006 1487597433757
W 1 1 2 007 1487597435131
W 1 1 2 008 1487597436479
W 1 1 2 009 1487597437958
***
R 1 1 3 000 1487597491724
R 1 1 3 001 1487597493322
R 1 1 3 002 1487597494681
R 1 1 3 003 1487597496073
R 1 1 3 004 1487597497590
R 1 1 3 005 1487597498930
R 1 1 3 006 1487597500307
R 1 1 3 007 1487597501769
R 1 1 3 008 1487597503198
R 1 1 3 009 1487597504650
---
W 1 1 3 000 1487597490947
W 1 1 3 001 1487597492719
W 1 1 3 002 1487597494273
W 1 1 3 003 1487597495620
W 1 1 3 004 1487597497016
W 1 1 3 005 1487597498532
W 1 1 3 006 1487597499861
W 1 1 3 007 1487597501214
W 1 1 3 008 1487597502661
W 1 1 3 009 1487597504055
***
R 1 1 4 000 1487597557611
R 1 1 4 001 1487597559111
R 1 1 4 002 1487597560476
R 1 1 4 003 1487597561844
R 1 1 4 004 1487597563428
R 1 1 4 005 1487597564717
R 1 1 4 006 1487597566130
R 1 1 4 007 1487597567487
R 1 1 4 008 1487597568820
R 1 1 4 009 1487597570357
---
W 1 1 4 000 1487597556904
W 1 1 4 001 1487597558666
W 1 1 4 002 1487597560032
W 1 1 4 003 1487597561368
W 1 1 4 004 1487597562769
W 1 1 4 005 1487597564270
W 1 1 4 006 1487597565622
W 1 1 4 007 1487597567040
W 1 1 4 008 1487597568403
W 1 1 4 009 1487597569834
***
R 2 1 1 000 1487597635790
R 2 1 1 001 1487597637728
R 2 1 1 002 1487597639371
R 2 1 1 003 1487597641236
R 2 1 1 004 1487597643079
R 2 1 1 005 1487597644939
R 2 1 1 006 1487597646328
R 2 1 1 007 1487597648192
R 2 1 1 008 1487597650159
R 2 1 1 009 1487597651729
---
W 2 1 1 000 1487597634371
W 2 1 1 001 1487597636769
W 2 1 1 002 1487597638684
W 2 1 1 003 1487597640272
W 2 1 1 004 1487597642250
W 2 1 1 005 1487597643980
W 2 1 1 006 1487597645679
W 2 1 1 007 1487597647302
W 2 1 1 008 1487597649103
W 2 1 1 009 1487597651013
***
R 2 1 2 000 1487597717170
R 2 1 2 001 1487597718843
R 2 1 2 002 1487597720779
R 2 1 2 003 1487597722550
R 2 1 2 004 1487597724171
R 2 1 2 005 1487597725810
R 2 1 2 006 1487597727320
R 2 1 2 007 1487597728992
R 2 1 2 008 1487597730933
R 2 1 2 009 1487597732767
---
W 2 1 2 000 1487597715980
W 2 1 2 001 1487597718217
W 2 1 2 002 1487597719924
W 2 1 2 003 1487597721637
W 2 1 2 004 1487597723255
W 2 1 2 005 1487597725059
W 2 1 2 006 1487597726609
W 2 1 2 007 1487597728169
W 2 1 2 008 1487597729834
W 2 1 2 009 1487597731778
***
R 2 1 3 000 1487597798724
R 2 1 3 001 1487597800613
R 2 1 3 002 1487597802108
R 2 1 3 003 1487597803552
R 2 1 3 004 1487597805145
R 2 1 3 005 1487597806582
R 2 1 3 006 1487597808595
R 2 1 3 007 1487597810045
R 2 1 3 008 1487597811770
R 2 1 3 009 1487597813380
---
W 2 1 3 000 1487597797422
W 2 1 3 001 1487597799901
W 2 1 3 002 1487597801438
W 2 1 3 003 1487597803027
W 2 1 3 004 1487597804426
W 2 1 3 005 1487597806139
W 2 1 3 006 1487597807459
W 2 1 3 007 1487597809473
W 2 1 3 008 1487597810986
W 2 1 3 009 1487597812688
***
R 2 1 4 000 1487597878615
R 2 1 4 001 1487597880420
R 2 1 4 002 1487597881919
R 2 1 4 003 1487597878615
R 2 1 4 004 1487597884620
R 2 1 4 005 1487597886192
R 2 1 4 006 1487597887947
R 2 1 4 007 1487597889415
R 2 1 4 008 1487597890806
R 2 1 4 009 1487597892568
---
W 2 1 4 000 1487597877360
W 2 1 4 001 1487597879711
W 2 1 4 002 1487597881391
W 2 1 4 003 1487597882744
W 2 1 4 004 1487597884141
W 2 1 4 005 1487597885505
W 2 1 4 006 1487597887178
W 2 1 4 007 1487597888894
W 2 1 4 008 1487597890277
W 2 1 4 009 1487597891665
***
R 5 1 1 000 1487597996707
R 5 1 1 001 1487597999308
R 5 1 1 002 1487598001371
R 5 1 1 003 1487598004481
R 5 1 1 004 1487598007365
R 5 1 1 005 1487598009678
R 5 1 1 006 1487598012381
R 5 1 1 007 1487598014951
R 5 1 1 008 1487598017099
R 5 1 1 009 1487598019739
---
W 5 1 1 000 1487597993598
W 5 1 1 001 1487597997911
W 5 1 1 002 1487597999942
W 5 1 1 003 1487598002336
W 5 1 1 004 1487598005004
W 5 1 1 005 1487598008206
W 5 1 1 006 1487598010618
W 5 1 1 007 1487598013204
W 5 1 1 008 1487598015620
W 5 1 1 009 1487598018068
***
R 5 1 2 000 1487598123539
R 5 1 2 001 1487598126518
R 5 1 2 002 1487598128920
R 5 1 2 003 1487598131208
R 5 1 2 004 1487598133758
R 5 1 2 005 1487598136687
R 5 1 2 006 1487598138946
R 5 1 2 007 1487598140574
R 5 1 2 008 1487598139223
R 5 1 2 009 1487598144500
---
W 5 1 2 000 1487598120872
W 5 1 2 001 1487598124871
W 5 1 2 002 1487598127500
W 5 1 2 003 1487598129910
W 5 1 2 004 1487598132167
W 5 1 2 005 1487598134716
W 5 1 2 006 1487598137438
W 5 1 2 007 1487598139644
W 5 1 2 008 1487598141543
W 5 1 2 009 1487598143574
***
R 5 1 3 000 1487598247665
R 5 1 3 001 1487598250210
R 5 1 3 002 1487598253036
R 5 1 3 003 1487598255353
R 5 1 3 004 1487598257709
R 5 1 3 005 1487598259759
R 5 1 3 006 1487598261736
R 5 1 3 007 1487598264595
R 5 1 3 008 1487598266272
R 5 1 3 009 1487598269203
---
W 5 1 3 000 1487598245168
W 5 1 3 001 1487598248841
W 5 1 3 002 1487598251068
W 5 1 3 003 1487598253694
W 5 1 3 004 1487598255827
W 5 1 3 005 1487598257933
W 5 1 3 006 1487598260198
W 5 1 3 007 1487598262460
W 5 1 3 008 1487598265008
W 5 1 3 009 1487598267249
***
R 5 1 4 000 1487598372651
R 5 1 4 001 1487598375816
R 5 1 4 002 1487598378266
R 5 1 4 003 1487598380367
R 5 1 4 004 1487598382913
R 5 1 4 005 1487598384806
R 5 1 4 006 1487598386635
R 5 1 4 007 1487598388463
R 5 1 4 008 1487598390623
R 5 1 4 009 1487598392695
---
W 5 1 4 000 1487598369572
W 5 1 4 001 1487598373902
W 5 1 4 002 1487598376469
W 5 1 4 003 1487598378916
W 5 1 4 004 1487598381142
W 5 1 4 005 1487598383231
W 5 1 4 006 1487598385039
W 5 1 4 007 1487598387041
W 5 1 4 008 1487598389111
W 5 1 4 009 1487598391228
***
R 10 1 1 000 1487598554228
R 10 1 1 001 1487598558668
R 10 1 1 002 1487598561276
R 10 1 1 003 1487598558415
R 10 1 1 004 1487598567360
R 10 1 1 005 1487598570097
R 10 1 1 006 1487598572451
R 10 1 1 007 1487598574892
R 10 1 1 008 1487598577490
R 10 1 1 009 1487598580324
---
W 10 1 1 000 1487598549669
W 10 1 1 001 1487598555808
W 10 1 1 002 1487598559250
W 10 1 1 003 1487598562344
W 10 1 1 004 1487598565200
W 10 1 1 005 1487598568045
W 10 1 1 006 1487598570811
W 10 1 1 007 1487598573472
W 10 1 1 008 1487598575941
W 10 1 1 009 1487598578071
***
R 10 1 2 000 1487598743458
R 10 1 2 001 1487598747499
R 10 1 2 002 1487598750185
R 10 1 2 003 1487598753736
R 10 1 2 004 1487598755971
R 10 1 2 005 1487598759223
R 10 1 2 006 1487598761737
R 10 1 2 007 1487598764452
R 10 1 2 008 1487598767331
R 10 1 2 009 1487598751555
---
W 10 1 2 000 1487598739286
W 10 1 2 001 1487598745368
W 10 1 2 002 1487598747981
W 10 1 2 003 1487598751081
W 10 1 2 004 1487598754245
W 10 1 2 005 1487598756687
W 10 1 2 006 1487598760067
W 10 1 2 007 1487598762514
W 10 1 2 008 1487598765489
W 10 1 2 009 1487598768055
***
R 10 1 3 000 1487598927838
R 10 1 3 001 1487598931356
R 10 1 3 002 1487598934686
R 10 1 3 003 1487598937543
R 10 1 3 004 1487598940411
R 10 1 3 005 1487598928986
R 10 1 3 006 1487598946084
R 10 1 3 007 1487598948205
R 10 1 3 008 1487598932985
R 10 1 3 009 1487598932985
---
W 10 1 3 000 1487598924117
W 10 1 3 001 1487598928676
W 10 1 3 002 1487598932131
W 10 1 3 003 1487598935739
W 10 1 3 004 1487598938555
W 10 1 3 005 1487598941255
W 10 1 3 006 1487598944260
W 10 1 3 007 1487598947025
W 10 1 3 008 1487598948799
W 10 1 3 009 1487598950796
***
R 10 1 4 000 1487599108939
R 10 1 4 001 1487599113484
R 10 1 4 002 1487599116738
R 10 1 4 003 1487599119608
R 10 1 4 004 1487599122695
R 10 1 4 005 1487599125951
R 10 1 4 006 1487599128873
R 10 1 4 007 1487599132043
R 10 1 4 008 1487599133176
R 10 1 4 009 1487599136600
---
W 10 1 4 000 1487599104923
W 10 1 4 001 1487599110895
W 10 1 4 002 1487599113991
W 10 1 4 003 1487599117275
W 10 1 4 004 1487599120535
W 10 1 4 005 1487599123945
W 10 1 4 006 1487599126647
W 10 1 4 007 1487599129768
W 10 1 4 008 1487599131877
W 10 1 4 009 1487599134306
***
R 20 1 1 000 1487599410920
R 20 1 1 001 1487599417373
R 20 1 1 002 1487599409856
R 20 1 1 003 1487599426374
R 20 1 1 004 1487599428855
R 20 1 1 005 1487599432476
R 20 1 1 006 1487599437335
R 20 1 1 007 1487599439737
R 20 1 1 008 1487599423155
R 20 1 1 009 1487599447426
---
W 20 1 1 000 1487599405204
W 20 1 1 001 1487599412882
W 20 1 1 002 1487599418286
W 20 1 1 003 1487599422729
W 20 1 1 004 1487599426148
W 20 1 1 005 1487599429408
W 20 1 1 006 1487599433250
W 20 1 1 007 1487599437181
W 20 1 1 008 1487599441060
W 20 1 1 009 1487599444557
***
R 20 1 2 000 1487599722836
R 20 1 2 001 1487599728853
R 20 1 2 002 1487599732541
R 20 1 2 003 1487599736154
R 20 1 2 004 1487599738805
R 20 1 2 005 1487599724884
R 20 1 2 006 1487599745271
R 20 1 2 007 1487599748223
R 20 1 2 008 1487599722586
R 20 1 2 009 1487599753704
---
W 20 1 2 000 1487599717864
W 20 1 2 001 1487599724864
W 20 1 2 002 1487599729136
W 20 1 2 003 1487599733542
W 20 1 2 004 1487599736600
W 20 1 2 005 1487599740711
W 20 1 2 006 1487599743325
W 20 1 2 007 1487599746019
W 20 1 2 008 1487599748506
W 20 1 2 009 1487599751541
***
R 20 1 3 000 1487600029008
R 20 1 3 001 1487600037107
R 20 1 3 002 1487600041420
R 20 1 3 003 1487600045256
R 20 1 3 004 1487600047671
R 20 1 3 005 1487600051923
R 20 1 3 006 1487600054862
R 20 1 3 007 1487600041073
R 20 1 3 008 1487600060149
R 20 1 3 009 1487600035432
---
W 20 1 3 000 1487600022462
W 20 1 3 001 1487600032238
W 20 1 3 002 1487600037918
W 20 1 3 003 1487600041954
W 20 1 3 004 1487600045639
W 20 1 3 005 1487600048869
W 20 1 3 006 1487600052597
W 20 1 3 007 1487600055679
W 20 1 3 008 1487600058366
W 20 1 3 009 1487600060683
***
R 20 1 4 000 1487600332088
R 20 1 4 001 1487600336881
R 20 1 4 002 1487600333267
R 20 1 4 003 1487600345268
R 20 1 4 004 1487600330482
R 20 1 4 005 1487600341857
R 20 1 4 006 1487600355836
R 20 1 4 007 1487600340083
R 20 1 4 008 1487600330482
R 20 1 4 009 1487600366659
---
W 20 1 4 000 1487600326249
W 20 1 4 001 1487600333909
W 20 1 4 002 1487600338047
W 20 1 4 003 1487600342447
W 20 1 4 004 1487600345951
W 20 1 4 005 1487600349255
W 20 1 4 006 1487600352618
W 20 1 4 007 1487600357512
W 20 1 4 008 1487600361441
W 20 1 4 009 1487600364585
***
R 30 1 1 000 1487600756116
R 30 1 1 001 1487600763413
R 30 1 1 002 1487600754035
R 30 1 1 003 1487600778049
R 30 1 1 004 1487600767671
R 30 1 1 005 1487600758663
R 30 1 1 006 1487600793157
R 30 1 1 007 1487600772487
R 30 1 1 008 1487600760208
R 30 1 1 009 1487600786059
---
W 30 1 1 000 1487600746136
W 30 1 1 001 1487600756139
W 30 1 1 002 1487600764748
W 30 1 1 003 1487600772384
W 30 1 1 004 1487600777832
W 30 1 1 005 1487600782556
W 30 1 1 006 1487600787991
W 30 1 1 007 1487600793606
W 30 1 1 008 1487600796832
W 30 1 1 009 1487600798675
***
W 30 1 2 000 1487601186710
W 30 1 2 001 1487601193233
W 30 1 2 002 1487601200287
W 30 1 2 003 1487601205485
W 30 1 2 004 1487601211807
W 30 1 2 005 1487601218173
W 30 1 2 006 1487601223208
W 30 1 2 007 1487601228257
W 30 1 2 008 1487601233879
W 30 1 2 009 1487601238973
***
R 30 1 2 000 1487601192755
R 30 1 2 001 1487601199645
R 30 1 2 002 1487601196400
R 30 1 2 003 1487601211478
R 30 1 2 004 1487601199293
R 30 1 2 005 1487601196400
R 30 1 2 006 1487601208236
R 30 1 2 007 1487601200049
R 30 1 2 008 1487601216606
R 30 1 2 009 1487601243333
---
R 30 1 3 000 1487601642711
R 30 1 3 001 1487601649456
R 30 1 3 002 1487601654590
R 30 1 3 003 1487601659220
R 30 1 3 004 1487601661911
R 30 1 3 005 1487601657972
R 30 1 3 006 1487601642711
R 30 1 3 007 1487601642711
R 30 1 3 008 1487601682489
R 30 1 3 009 1487601659220
---
W 30 1 3 000 1487601634979
W 30 1 3 001 1487601643631
W 30 1 3 002 1487601650443
W 30 1 3 003 1487601655395
W 30 1 3 004 1487601660443
W 30 1 3 005 1487601666238
W 30 1 3 006 1487601670380
W 30 1 3 007 1487601675363
W 30 1 3 008 1487601679428
W 30 1 3 009 1487601683635
***
R 30 1 4 000 1487602071480
R 30 1 4 001 1487602078617
R 30 1 4 002 1487602083876
R 30 1 4 003 1487602088244
R 30 1 4 004 1487602094386
R 30 1 4 005 1487602099722
R 30 1 4 006 1487602085995
R 30 1 4 007 1487602071039
R 30 1 4 008 1487602076453
R 30 1 4 009 1487602117684
---
W 30 1 4 000 1487602064257
W 30 1 4 001 1487602072948
W 30 1 4 002 1487602079634
W 30 1 4 003 1487602084272
W 30 1 4 004 1487602089208
W 30 1 4 005 1487602095315
W 30 1 4 006 1487602099975
W 30 1 4 007 1487602104895
W 30 1 4 008 1487602109156
W 30 1 4 009 1487602114615
***
R 40 1 1 000 1487602626179
R 40 1 1 001 1487602626179
R 40 1 1 002 1487602638859
R 40 1 1 003 1487602649740
R 40 1 1 004 1487602653863
R 40 1 1 005 1487602658243
R 40 1 1 006 1487602639904
R 40 1 1 007 1487602651911
R 40 1 1 008 1487602626179
R 40 1 1 009 1487602632761
---
W 40 1 1 000 1487602617808
W 40 1 1 001 1487602625185
W 40 1 1 002 1487602633500
W 40 1 1 003 1487602639778
W 40 1 1 004 1487602647613
W 40 1 1 005 1487602654699
W 40 1 1 006 1487602658673
W 40 1 1 007 1487602661564
W 40 1 1 008 1487602663170
W 40 1 1 009 1487602664498
***
R 40 1 2 000 1487603167001
R 40 1 2 001 1487603174556
R 40 1 2 002 1487603180769
R 40 1 2 003 1487603180359
R 40 1 2 004 1487603164769
R 40 1 2 005 1487603182082
R 40 1 2 006 1487603206937
R 40 1 2 007 1487603211864
R 40 1 2 008 1487603176358
R 40 1 2 009 1487603165356
---
W 40 1 2 000 1487603157831
W 40 1 2 001 1487603169202
W 40 1 2 002 1487603175356
W 40 1 2 003 1487603182138
W 40 1 2 004 1487603187685
W 40 1 2 005 1487603194158
W 40 1 2 006 1487603200786
W 40 1 2 007 1487603207668
W 40 1 2 008 1487603212092
W 40 1 2 009 1487603215820
***
R 40 1 3 000 1487603711185
R 40 1 3 001 1487603718920
R 40 1 3 002 1487603723446
R 40 1 3 003 1487603722837
R 40 1 3 004 1487603717701
R 40 1 3 005 1487603723806
R 40 1 3 006 1487603743490
R 40 1 3 007 1487603720286
R 40 1 3 008 1487603714709
R 40 1 3 009 1487603714709
---
W 40 1 3 000 1487603701382
W 40 1 3 001 1487603710963
W 40 1 3 002 1487603716416
W 40 1 3 003 1487603724646
W 40 1 3 004 1487603729855
W 40 1 3 005 1487603734972
W 40 1 3 006 1487603739646
W 40 1 3 007 1487603744914
W 40 1 3 008 1487603748836
W 40 1 3 009 1487603750390
***
R 40 1 4 000 1487604243549
R 40 1 4 001 1487604249137
R 40 1 4 002 1487604252224
R 40 1 4 003 1487604249137
R 40 1 4 004 1487604268133
R 40 1 4 005 1487604273997
R 40 1 4 006 1487604277467
R 40 1 4 007 1487604249583
R 40 1 4 008 1487604286921
R 40 1 4 009 1487604243549
---
W 40 1 4 000 1487604234099
W 40 1 4 001 1487604243395
W 40 1 4 002 1487604249588
W 40 1 4 003 1487604256220
W 40 1 4 004 1487604262557
W 40 1 4 005 1487604268741
W 40 1 4 006 1487604273846
W 40 1 4 007 1487604278906
W 40 1 4 008 1487604283531
W 40 1 4 009 1487604287340
***
R 40 1 4 000 1487606476087
R 40 1 4 001 1487606480467
R 40 1 4 002 1487606489336
R 40 1 4 003 1487606482254
R 40 1 4 004 1487606473688
R 40 1 4 005 1487606483831
R 40 1 4 006 1487606474281
R 40 1 4 007 1487606522997
R 40 1 4 008 1487606479055
R 40 1 4 009 1487606530104
---
W 40 1 4 000 1487606464044
W 40 1 4 001 1487606474149
W 40 1 4 002 1487606481068
W 40 1 4 003 1487606489340
W 40 1 4 004 1487606497194
W 40 1 4 005 1487606507306
W 40 1 4 006 1487606511841
W 40 1 4 007 1487606517468
W 40 1 4 008 1487606522826
W 40 1 4 009 1487606526388
***
R 50 1 1 000 1487607157745
R 50 1 1 001 1487607158713
R 50 1 1 002 1487607175075
R 50 1 1 003 1487607162988
R 50 1 1 004 1487607190632
R 50 1 1 005 1487607152916
R 50 1 1 006 1487607154073
R 50 1 1 007 1487607170679
R 50 1 1 008 1487607210156
R 50 1 1 009 1487607154073
---
W 50 1 1 000 1487607141963
W 50 1 1 001 1487607153964
W 50 1 1 002 1487607162843
W 50 1 1 003 1487607169984
W 50 1 1 004 1487607178186
W 50 1 1 005 1487607186665
W 50 1 1 006 1487607193751
W 50 1 1 007 1487607200273
W 50 1 1 008 1487607206732
W 50 1 1 009 1487607211034
***
R 50 1 2 000 1487607833905
R 50 1 2 001 1487607833242
R 50 1 2 002 1487607833242
R 50 1 2 003 1487607842420
R 50 1 2 004 1487607833242
R 50 1 2 005 1487607863060
R 50 1 2 006 1487607882067
R 50 1 2 007 1487607887786
R 50 1 2 008 1487607830833
R 50 1 2 009 1487607879972
---
W 50 1 2 000 1487607824340
W 50 1 2 001 1487607838283
W 50 1 2 002 1487607845855
W 50 1 2 003 1487607851546
W 50 1 2 004 1487607859028
W 50 1 2 005 1487607867315
W 50 1 2 006 1487607877023
W 50 1 2 007 1487607881623
W 50 1 2 008 1487607887593
W 50 1 2 009 1487607892444
***
R 50 1 3 000 1487608511676
R 50 1 3 001 1487608511676
R 50 1 3 002 1487608523860
R 50 1 3 003 1487608530080
R 50 1 3 004 1487608517161
R 50 1 3 005 1487608544464
R 50 1 3 006 1487608503010
R 50 1 3 007 1487608556317
R 50 1 3 008 1487608565485
R 50 1 3 009 1487608511676
---
W 50 1 3 000 1487608494121
W 50 1 3 001 1487608503601
W 50 1 3 002 1487608513292
W 50 1 3 003 1487608519836
W 50 1 3 004 1487608528260
W 50 1 3 005 1487608535363
W 50 1 3 006 1487608544008
W 50 1 3 007 1487608550100
W 50 1 3 008 1487608557747
W 50 1 3 009 1487608564563
***
R 50 1 4 000 1487609176447
R 50 1 4 001 1487609180131
R 50 1 4 002 1487609174168
R 50 1 4 003 1487609199758
R 50 1 4 004 1487609204699
R 50 1 4 005 1487609209561
R 50 1 4 006 1487609218242
R 50 1 4 007 1487609199758
R 50 1 4 008 1487609232677
R 50 1 4 009 1487609196913
---
W 50 1 4 000 1487609164133
W 50 1 4 001 1487609174143
W 50 1 4 002 1487609180781
W 50 1 4 003 1487609189930
W 50 1 4 004 1487609198142
W 50 1 4 005 1487609204127
W 50 1 4 006 1487609212235
W 50 1 4 007 1487609218783
W 50 1 4 008 1487609225326
W 50 1 4 009 1487609233471
***
