R 4 1 2 000 1491509723413
R 4 1 2 001 1491509725675
R 4 1 2 002 1491509726808
R 4 1 2 003 1491509728261
R 4 1 2 004 1491509729322
R 4 1 2 005 1491509730197
R 4 1 2 006 1491509731346
R 4 1 2 007 1491509732388
R 4 1 2 008 1491509733569
R 4 1 2 009 1491509734827
---
W 4 1 2 000 1491509722458
W 4 1 2 001 1491509724030
W 4 1 2 002 1491509725319
W 4 1 2 003 1491509726431
W 4 1 2 004 1491509728242
W 4 1 2 005 1491509729633
W 4 1 2 006 1491509730785
W 4 1 2 007 1491509731954
W 4 1 2 008 1491509733077
W 4 1 2 009 1491509734219
***
R 4 1 3 000 1491509823586
R 4 1 3 001 1491509824442
R 4 1 3 002 1491509825962
R 4 1 3 003 1491509827564
R 4 1 3 004 1491509828533
R 4 1 3 005 1491509829372
R 4 1 3 006 1491509830377
R 4 1 3 007 1491509831692
R 4 1 3 008 1491509832710
R 4 1 3 009 1491509834052
---
W 4 1 3 000 1491509822137
W 4 1 3 001 1491509823472
W 4 1 3 002 1491509824641
W 4 1 3 003 1491509825773
W 4 1 3 004 1491509827096
W 4 1 3 005 1491509828488
W 4 1 3 006 1491509829658
W 4 1 3 007 1491509830870
W 4 1 3 008 1491509832129
W 4 1 3 009 1491509833438
***
R 4 1 4 000 1491509922301
R 4 1 4 001 1491509923885
R 4 1 4 002 1491509925697
R 4 1 4 003 1491509926355
R 4 1 4 004 1491509927561
R 4 1 4 005 1491509928236
R 4 1 4 006 1491509929235
R 4 1 4 007 1491509930431
R 4 1 4 008 1491509931260
R 4 1 4 009 1491509933099
---
W 4 1 4 000 1491509921302
W 4 1 4 001 1491509922697
W 4 1 4 002 1491509923983
W 4 1 4 003 1491509925237
W 4 1 4 004 1491509926410
W 4 1 4 005 1491509927636
W 4 1 4 006 1491509928733
W 4 1 4 007 1491509929819
W 4 1 4 008 1491509930905
W 4 1 4 009 1491509932041
***
R 6 1 1 000 1491510056088
R 6 1 1 001 1491510060591
R 6 1 1 002 1491510061489
R 6 1 1 003 1491510061720
R 6 1 1 004 1491510063243
R 6 1 1 005 1491510063923
R 6 1 1 006 1491510064855
R 6 1 1 007 1491510066282
R 6 1 1 008 1491510067522
R 6 1 1 009 1491510068981
---
W 6 1 1 000 1491510054438
W 6 1 1 001 1491510056179
W 6 1 1 002 1491510058149
W 6 1 1 003 1491510059995
W 6 1 1 004 1491510061467
W 6 1 1 005 1491510062781
W 6 1 1 006 1491510064153
W 6 1 1 007 1491510065399
W 6 1 1 008 1491510066563
W 6 1 1 009 1491510067689
***
W 6 1 2 000 1491510180929
W 6 1 2 001 1491510182642
W 6 1 2 002 1491510184388
W 6 1 2 003 1491510186654
W 6 1 2 004 1491510188841
W 6 1 2 005 1491510190144
W 6 1 2 006 1491510191389
W 6 1 2 007 1491510192804
W 6 1 2 008 1491510193966
W 6 1 2 009 1491510195249
***
R 6 1 2 000 1491510182551
R 6 1 2 001 1491510188087
R 6 1 2 002 1491510189519
R 6 1 2 003 1491510190247
R 6 1 2 004 1491510190547
R 6 1 2 005 1491510191334
R 6 1 2 006 1491510192496
R 6 1 2 007 1491510194080
R 6 1 2 008 1491510195043
R 6 1 2 009 1491510196795
---
W 6 1 3 000 1491510307348
W 6 1 3 001 1491510309070
W 6 1 3 002 1491510310747
W 6 1 3 003 1491510312567
W 6 1 3 004 1491510314031
W 6 1 3 005 1491510315445
W 6 1 3 006 1491510316819
W 6 1 3 007 1491510318121
W 6 1 3 008 1491510319615
W 6 1 3 009 1491510320805
***
R 6 1 3 000 1491510308947
R 6 1 3 001 1491510312999
R 6 1 3 002 1491510314678
R 6 1 3 003 1491510315294
R 6 1 3 004 1491510316534
R 6 1 3 005 1491510316915
R 6 1 3 006 1491510317759
R 6 1 3 007 1491510319149
R 6 1 3 008 1491510320434
R 6 1 3 009 1491510322263
---
W 6 1 4 000 1491510432570
W 6 1 4 001 1491510434270
W 6 1 4 002 1491510435869
W 6 1 4 003 1491510437808
W 6 1 4 004 1491510439819
W 6 1 4 005 1491510441558
W 6 1 4 006 1491510442769
W 6 1 4 007 1491510444209
W 6 1 4 008 1491510445468
W 6 1 4 009 1491510446679
***
R 6 1 4 000 1491510434368
R 6 1 4 001 1491510437884
R 6 1 4 002 1491510440780
R 6 1 4 003 1491510441233
R 6 1 4 004 1491510442609
R 6 1 4 005 1491510442687
R 6 1 4 006 1491510443823
R 6 1 4 007 1491510445158
R 6 1 4 008 1491510446704
R 6 1 4 009 1491510447990
---
R 8 1 1 000 1491510583753
R 8 1 1 001 1491510589677
R 8 1 1 002 1491510591380
R 8 1 1 003 1491510592635
R 8 1 1 004 1491510593611
R 8 1 1 005 1491510594559
R 8 1 1 006 1491510594978
R 8 1 1 007 1491510595810
R 8 1 1 008 1491510596832
R 8 1 1 009 1491510598036
---
W 8 1 1 000 1491510581376
W 8 1 1 001 1491510583256
W 8 1 1 002 1491510586021
W 8 1 1 003 1491510589079
W 8 1 1 004 1491510590438
W 8 1 1 005 1491510591960
W 8 1 1 006 1491510593239
W 8 1 1 007 1491510594449
W 8 1 1 008 1491510595763
W 8 1 1 009 1491510597082
***
R 8 1 2 000 1491510733141
R 8 1 2 001 1491510739181
R 8 1 2 002 1491510741021
R 8 1 2 003 1491510741836
R 8 1 2 004 1491510742948
R 8 1 2 005 1491510744724
R 8 1 2 006 1491510746754
R 8 1 2 007 1491510747049
R 8 1 2 008 1491510748046
R 8 1 2 009 1491510749074
---
W 8 1 2 000 1491510730970
W 8 1 2 001 1491510732871
W 8 1 2 002 1491510734934
W 8 1 2 003 1491510740020
W 8 1 2 004 1491510741402
W 8 1 2 005 1491510742854
W 8 1 2 006 1491510744264
W 8 1 2 007 1491510745500
W 8 1 2 008 1491510746700
W 8 1 2 009 1491510747922
***
R 8 1 3 000 1491510884974
R 8 1 3 001 1491510889860
R 8 1 3 002 1491510891213
R 8 1 3 003 1491510891991
R 8 1 3 004 1491510893018
R 8 1 3 005 1491510894515
R 8 1 3 006 1491510895551
R 8 1 3 007 1491510897148
R 8 1 3 008 1491510898284
R 8 1 3 009 1491510899467
---
W 8 1 3 000 1491510882444
W 8 1 3 001 1491510884182
W 8 1 3 002 1491510888840
W 8 1 3 003 1491510890978
W 8 1 3 004 1491510892217
W 8 1 3 005 1491510893313
W 8 1 3 006 1491510894522
W 8 1 3 007 1491510895779
W 8 1 3 008 1491510897194
W 8 1 3 009 1491510898430
***
R 8 1 4 000 1491511032920
R 8 1 4 001 1491511037399
R 8 1 4 002 1491511039606
R 8 1 4 003 1491511040331
R 8 1 4 004 1491511041384
R 8 1 4 005 1491511042386
R 8 1 4 006 1491511043800
R 8 1 4 007 1491511044786
R 8 1 4 008 1491511045928
R 8 1 4 009 1491511047010
---
W 8 1 4 000 1491511030760
W 8 1 4 001 1491511032611
W 8 1 4 002 1491511034722
W 8 1 4 003 1491511036952
W 8 1 4 004 1491511038391
W 8 1 4 005 1491511040348
W 8 1 4 006 1491511041684
W 8 1 4 007 1491511043137
W 8 1 4 008 1491511044709
W 8 1 4 009 1491511045951
***
W 11 1 1 000 1491511223220
W 11 1 1 001 1491511225054
W 11 1 1 002 1491511228610
W 11 1 1 003 1491511231137
W 11 1 1 004 1491511232885
W 11 1 1 005 1491511234429
W 11 1 1 006 1491511235971
W 11 1 1 007 1491511237230
W 11 1 1 008 1491511238594
W 11 1 1 009 1491511239791
***
R 11 1 1 000 1491511226273
R 11 1 1 001 1491511232309
R 11 1 1 002 1491511233912
R 11 1 1 003 1491511235166
R 11 1 1 004 1491511235952
R 11 1 1 005 1491511236473
R 11 1 1 006 1491511236895
R 11 1 1 007 1491511238213
R 11 1 1 008 1491511239468
R 11 1 1 009 1491511241089
---
R 11 1 2 000 1491511412192
R 11 1 2 001 1491511418920
R 11 1 2 002 1491511419848
R 11 1 2 003 1491511420676
R 11 1 2 004 1491511421651
R 11 1 2 005 1491511424156
R 11 1 2 006 1491511424872
R 11 1 2 007 1491511425511
R 11 1 2 008 1491511426549
R 11 1 2 009 1491511427453
---
W 11 1 2 000 1491511409819
W 11 1 2 001 1491511411656
W 11 1 2 002 1491511414296
W 11 1 2 003 1491511416252
W 11 1 2 004 1491511419441
W 11 1 2 005 1491511420789
W 11 1 2 006 1491511422309
W 11 1 2 007 1491511423809
W 11 1 2 008 1491511425234
W 11 1 2 009 1491511426564
***
R 11 1 3 000 1491511596883
R 11 1 3 001 1491511601673
R 11 1 3 002 1491511602183
R 11 1 3 003 1491511602995
R 11 1 3 004 1491511604479
R 11 1 3 005 1491511605089
R 11 1 3 006 1491511606839
R 11 1 3 007 1491511607684
R 11 1 3 008 1491511609579
R 11 1 3 009 1491511610351
---
W 11 1 3 000 1491511593307
W 11 1 3 001 1491511595335
W 11 1 3 002 1491511599094
W 11 1 3 003 1491511601138
W 11 1 3 004 1491511602437
W 11 1 3 005 1491511603787
W 11 1 3 006 1491511604970
W 11 1 3 007 1491511606697
W 11 1 3 008 1491511608048
W 11 1 3 009 1491511609311
***
R 11 1 4 000 1491511778267
R 11 1 4 001 1491511782096
R 11 1 4 002 1491511784010
R 11 1 4 003 1491511784526
R 11 1 4 004 1491511786045
R 11 1 4 005 1491511787104
R 11 1 4 006 1491511788472
R 11 1 4 007 1491511790106
R 11 1 4 008 1491511791668
R 11 1 4 009 1491511792728
---
W 11 1 4 000 1491511774356
W 11 1 4 001 1491511776398
W 11 1 4 002 1491511781047
W 11 1 4 003 1491511783321
W 11 1 4 004 1491511784554
W 11 1 4 005 1491511785806
W 11 1 4 006 1491511787237
W 11 1 4 007 1491511788566
W 11 1 4 008 1491511789979
W 11 1 4 009 1491511791568
***
R 12 1 1 000 1491511972412
R 12 1 1 001 1491511976415
R 12 1 1 002 1491511977637
R 12 1 1 003 1491511978964
R 12 1 1 004 1491511979839
R 12 1 1 005 1491511980853
R 12 1 1 006 1491511981575
R 12 1 1 007 1491511982890
R 12 1 1 008 1491511984083
R 12 1 1 009 1491511985426
---
W 12 1 1 000 1491511968340
W 12 1 1 001 1491511970465
W 12 1 1 002 1491511973812
W 12 1 1 003 1491511975805
W 12 1 1 004 1491511977366
W 12 1 1 005 1491511979031
W 12 1 1 006 1491511980353
W 12 1 1 007 1491511981615
W 12 1 1 008 1491511983040
W 12 1 1 009 1491511984256
***
R 12 1 2 000 1491512165304
R 12 1 2 001 1491512170159
R 12 1 2 002 1491512172357
R 12 1 2 003 1491512173727
R 12 1 2 004 1491512174760
R 12 1 2 005 1491512174972
R 12 1 2 006 1491512175584
R 12 1 2 007 1491512175825
R 12 1 2 008 1491512176971
R 12 1 2 009 1491512178466
---
W 12 1 2 000 1491512161196
W 12 1 2 001 1491512163898
W 12 1 2 002 1491512165958
W 12 1 2 003 1491512167680
W 12 1 2 004 1491512169592
W 12 1 2 005 1491512171128
W 12 1 2 006 1491512172860
W 12 1 2 007 1491512174574
W 12 1 2 008 1491512175968
W 12 1 2 009 1491512177295
***
R 12 1 3 000 1491512357787
R 12 1 3 001 1491512361832
R 12 1 3 002 1491512363121
R 12 1 3 003 1491512363518
R 12 1 3 004 1491512364473
R 12 1 3 005 1491512365721
R 12 1 3 006 1491512366881
R 12 1 3 007 1491512368393
R 12 1 3 008 1491512369421
R 12 1 3 009 1491512370872
---
W 12 1 3 000 1491512353544
W 12 1 3 001 1491512355651
W 12 1 3 002 1491512359838
W 12 1 3 003 1491512361607
W 12 1 3 004 1491512363179
W 12 1 3 005 1491512364534
W 12 1 3 006 1491512366064
W 12 1 3 007 1491512367361
W 12 1 3 008 1491512368553
W 12 1 3 009 1491512369834
***
W 12 1 4 000 1491512546681
W 12 1 4 001 1491512548580
W 12 1 4 002 1491512553487
W 12 1 4 003 1491512555784
W 12 1 4 004 1491512557481
W 12 1 4 005 1491512559280
W 12 1 4 006 1491512560646
W 12 1 4 007 1491512561954
W 12 1 4 008 1491512563170
W 12 1 4 009 1491512564632
***
R 12 1 4 000 1491512550976
R 12 1 4 001 1491512556527
R 12 1 4 002 1491512558463
R 12 1 4 003 1491512559587
R 12 1 4 004 1491512560243
R 12 1 4 005 1491512560325
R 12 1 4 006 1491512561786
R 12 1 4 007 1491512562919
R 12 1 4 008 1491512565047
R 12 1 4 009 1491512566653
---
R 13 1 1 000 1491512758152
R 13 1 1 001 1491512762062
R 13 1 1 002 1491512763682
R 13 1 1 003 1491512764843
R 13 1 1 004 1491512765498
R 13 1 1 005 1491512767091
R 13 1 1 006 1491512768660
R 13 1 1 007 1491512770948
R 13 1 1 008 1491512771047
R 13 1 1 009 1491512772043
---
W 13 1 1 000 1491512753048
W 13 1 1 001 1491512755031
W 13 1 1 002 1491512759101
W 13 1 1 003 1491512761925
W 13 1 1 004 1491512763651
W 13 1 1 005 1491512765579
W 13 1 1 006 1491512766850
W 13 1 1 007 1491512768458
W 13 1 1 008 1491512769725
W 13 1 1 009 1491512771037
***
R 13 1 2 000 1491512963686
R 13 1 2 001 1491512968756
R 13 1 2 002 1491512969795
R 13 1 2 003 1491512970949
R 13 1 2 004 1491512971766
R 13 1 2 005 1491512972485
R 13 1 2 006 1491512972982
R 13 1 2 007 1491512974166
R 13 1 2 008 1491512975562
R 13 1 2 009 1491512976663
---
W 13 1 2 000 1491512960070
W 13 1 2 001 1491512961817
W 13 1 2 002 1491512964716
W 13 1 2 003 1491512966828
W 13 1 2 004 1491512968651
W 13 1 2 005 1491512970347
W 13 1 2 006 1491512971671
W 13 1 2 007 1491512973079
W 13 1 2 008 1491512974381
W 13 1 2 009 1491512975546
***
R 13 1 3 000 1491513167158
R 13 1 3 001 1491513171032
R 13 1 3 002 1491513172796
R 13 1 3 003 1491513174358
R 13 1 3 004 1491513175289
R 13 1 3 005 1491513175867
R 13 1 3 006 1491513176972
R 13 1 3 007 1491513177671
R 13 1 3 008 1491513178906
R 13 1 3 009 1491513180076
---
W 13 1 3 000 1491513162889
W 13 1 3 001 1491513164963
W 13 1 3 002 1491513168039
W 13 1 3 003 1491513170745
W 13 1 3 004 1491513172513
W 13 1 3 005 1491513174156
W 13 1 3 006 1491513175618
W 13 1 3 007 1491513176827
W 13 1 3 008 1491513178091
W 13 1 3 009 1491513179302
***
W 13 1 4 000 1491513364546
W 13 1 4 001 1491513366427
W 13 1 4 002 1491513370864
W 13 1 4 003 1491513373139
W 13 1 4 004 1491513374727
W 13 1 4 005 1491513376563
W 13 1 4 006 1491513377943
W 13 1 4 007 1491513379212
W 13 1 4 008 1491513380573
W 13 1 4 009 1491513381939
***
R 13 1 4 000 1491513370423
R 13 1 4 001 1491513372854
R 13 1 4 002 1491513374558
R 13 1 4 003 1491513376724
R 13 1 4 004 1491513377879
R 13 1 4 005 1491513378510
R 13 1 4 006 1491513379377
R 13 1 4 007 1491513380974
R 13 1 4 008 1491513382058
R 13 1 4 009 1491513383539
---
W 14 1 1 000 1491513582802
W 14 1 1 001 1491513584529
W 14 1 1 002 1491513587963
W 14 1 1 003 1491513590754
W 14 1 1 004 1491513592370
W 14 1 1 005 1491513593872
W 14 1 1 006 1491513595207
W 14 1 1 007 1491513596504
W 14 1 1 008 1491513597974
W 14 1 1 009 1491513599452
***
R 14 1 1 000 1491513589349
R 14 1 1 001 1491513594895
R 14 1 1 002 1491513594895
R 14 1 1 003 1491513594964
R 14 1 1 004 1491513594964
R 14 1 1 005 1491513595396
R 14 1 1 006 1491513596626
R 14 1 1 007 1491513598541
R 14 1 1 008 1491513600923
R 14 1 1 009 1491513601037
---
R 14 1 2 000 1491513804692
R 14 1 2 001 1491513807572
R 14 1 2 002 1491513809779
R 14 1 2 003 1491513811938
R 14 1 2 004 1491513812969
R 14 1 2 005 1491513814729
R 14 1 2 006 1491513815911
R 14 1 2 007 1491513815963
R 14 1 2 008 1491513817029
R 14 1 2 009 1491513818536
---
W 14 1 2 000 1491513798782
W 14 1 2 001 1491513801257
W 14 1 2 002 1491513805388
W 14 1 2 003 1491513807588
W 14 1 2 004 1491513809748
W 14 1 2 005 1491513811671
W 14 1 2 006 1491513813354
W 14 1 2 007 1491513814732
W 14 1 2 008 1491513816105
W 14 1 2 009 1491513817376
***
W 14 1 3 000 1491514013634
W 14 1 3 001 1491514015874
W 14 1 3 002 1491514018450
W 14 1 3 003 1491514020609
W 14 1 3 004 1491514023440
W 14 1 3 005 1491514025423
W 14 1 3 006 1491514026777
W 14 1 3 007 1491514027967
W 14 1 3 008 1491514029122
W 14 1 3 009 1491514030312
***
R 14 1 3 000 1491514017888
R 14 1 3 001 1491514023731
R 14 1 3 002 1491514026308
R 14 1 3 003 1491514026727
R 14 1 3 004 1491514027619
R 14 1 3 005 1491514027619
R 14 1 3 006 1491514028268
R 14 1 3 007 1491514029253
R 14 1 3 008 1491514030612
R 14 1 3 009 1491514032169
---
R 14 1 4 000 1491514234633
R 14 1 4 001 1491514238728
R 14 1 4 002 1491514240127
R 14 1 4 003 1491514240705
R 14 1 4 004 1491514242046
R 14 1 4 005 1491514243732
R 14 1 4 006 1491514246321
R 14 1 4 007 1491514248476
R 14 1 4 008 1491514248476
R 14 1 4 009 1491514249165
---
W 14 1 4 000 1491514228879
W 14 1 4 001 1491514230809
W 14 1 4 002 1491514234385
W 14 1 4 003 1491514238495
W 14 1 4 004 1491514240205
W 14 1 4 005 1491514242040
W 14 1 4 006 1491514243490
W 14 1 4 007 1491514245001
W 14 1 4 008 1491514246630
W 14 1 4 009 1491514248175
***
R 15 1 1 000 1491514462770
R 15 1 1 001 1491514468801
R 15 1 1 002 1491514470919
R 15 1 1 003 1491514472246
R 15 1 1 004 1491514473628
R 15 1 1 005 1491514474237
R 15 1 1 006 1491514474864
R 15 1 1 007 1491514476797
R 15 1 1 008 1491514477173
R 15 1 1 009 1491514478274
---
W 15 1 1 000 1491514457118
W 15 1 1 001 1491514459818
W 15 1 1 002 1491514464421
W 15 1 1 003 1491514468190
W 15 1 1 004 1491514470011
W 15 1 1 005 1491514472041
W 15 1 1 006 1491514473692
W 15 1 1 007 1491514474919
W 15 1 1 008 1491514476172
W 15 1 1 009 1491514477518
***
R 15 1 2 000 1491514694509
R 15 1 2 001 1491514698488
R 15 1 2 002 1491514699580
R 15 1 2 003 1491514700484
R 15 1 2 004 1491514700830
R 15 1 2 005 1491514701801
R 15 1 2 006 1491514703131
R 15 1 2 007 1491514704828
R 15 1 2 008 1491514705107
R 15 1 2 009 1491514706697
---
W 15 1 2 000 1491514687811
W 15 1 2 001 1491514690141
W 15 1 2 002 1491514694711
W 15 1 2 003 1491514697184
W 15 1 2 004 1491514698981
W 15 1 2 005 1491514700393
W 15 1 2 006 1491514701805
W 15 1 2 007 1491514703171
W 15 1 2 008 1491514704393
W 15 1 2 009 1491514705625
***
W 15 1 3 000 1491514913637
W 15 1 3 001 1491514915575
W 15 1 3 002 1491514920354
W 15 1 3 003 1491514923126
W 15 1 3 004 1491514925138
W 15 1 3 005 1491514927029
W 15 1 3 006 1491514928962
W 15 1 3 007 1491514930491
W 15 1 3 008 1491514931782
W 15 1 3 009 1491514933171
***
R 15 1 3 000 1491514921305
R 15 1 3 001 1491514923745
R 15 1 3 002 1491514925491
R 15 1 3 003 1491514927965
R 15 1 3 004 1491514931260
R 15 1 3 005 1491514931503
R 15 1 3 006 1491514931528
R 15 1 3 007 1491514932223
R 15 1 3 008 1491514933708
R 15 1 3 009 1491514934987
---
W 15 1 4 000 1491515141278
W 15 1 4 001 1491515143575
W 15 1 4 002 1491515147734
W 15 1 4 003 1491515150265
W 15 1 4 004 1491515152124
W 15 1 4 005 1491515153633
W 15 1 4 006 1491515155048
W 15 1 4 007 1491515156528
W 15 1 4 008 1491515157934
W 15 1 4 009 1491515159261
***
R 15 1 4 000 1491515146536
R 15 1 4 001 1491515152191
R 15 1 4 002 1491515154489
R 15 1 4 003 1491515154931
R 15 1 4 004 1491515155503
R 15 1 4 005 1491515155503
R 15 1 4 006 1491515156116
R 15 1 4 007 1491515157873
R 15 1 4 008 1491515159112
R 15 1 4 009 1491515160733
---
W 16 1 1 000 1491515383340
W 16 1 1 001 1491515385545
W 16 1 1 002 1491515391174
W 16 1 1 003 1491515394002
W 16 1 1 004 1491515395597
W 16 1 1 005 1491515396872
W 16 1 1 006 1491515398219
W 16 1 1 007 1491515399498
W 16 1 1 008 1491515400748
W 16 1 1 009 1491515402059
***
R 16 1 1 000 1491515390886
R 16 1 1 001 1491515393512
R 16 1 1 002 1491515395043
R 16 1 1 003 1491515395861
R 16 1 1 004 1491515396579
R 16 1 1 005 1491515398271
R 16 1 1 006 1491515399496
R 16 1 1 007 1491515400697
R 16 1 1 008 1491515402699
R 16 1 1 009 1491515403339
---
R 16 1 2 000 1491515624813
R 16 1 2 001 1491515632407
R 16 1 2 002 1491515634930
R 16 1 2 003 1491515636245
R 16 1 2 004 1491515637974
R 16 1 2 005 1491515638788
R 16 1 2 006 1491515640115
R 16 1 2 007 1491515640115
R 16 1 2 008 1491515640965
R 16 1 2 009 1491515642223
---
W 16 1 2 000 1491515618736
W 16 1 2 001 1491515621012
W 16 1 2 002 1491515624408
W 16 1 2 003 1491515630210
W 16 1 2 004 1491515632208
W 16 1 2 005 1491515633848
W 16 1 2 006 1491515636180
W 16 1 2 007 1491515638511
W 16 1 2 008 1491515639815
W 16 1 2 009 1491515641135
***
R 16 1 3 000 1491515865914
R 16 1 3 001 1491515870353
R 16 1 3 002 1491515872156
R 16 1 3 003 1491515873286
R 16 1 3 004 1491515874393
R 16 1 3 005 1491515876196
R 16 1 3 006 1491515878028
R 16 1 3 007 1491515878442
R 16 1 3 008 1491515878998
R 16 1 3 009 1491515880701
---
W 16 1 3 000 1491515859667
W 16 1 3 001 1491515862019
W 16 1 3 002 1491515867655
W 16 1 3 003 1491515870409
W 16 1 3 004 1491515872219
W 16 1 3 005 1491515874218
W 16 1 3 006 1491515875632
W 16 1 3 007 1491515876902
W 16 1 3 008 1491515878046
W 16 1 3 009 1491515879346
***
R 16 1 4 000 1491516103643
R 16 1 4 001 1491516106322
R 16 1 4 002 1491516107856
R 16 1 4 003 1491516108278
R 16 1 4 004 1491516109032
R 16 1 4 005 1491516110439
R 16 1 4 006 1491516112177
R 16 1 4 007 1491516113222
R 16 1 4 008 1491516115330
R 16 1 4 009 1491516115699
---
W 16 1 4 000 1491516096497
W 16 1 4 001 1491516098794
W 16 1 4 002 1491516103419
W 16 1 4 003 1491516105887
W 16 1 4 004 1491516107587
W 16 1 4 005 1491516109254
W 16 1 4 006 1491516110523
W 16 1 4 007 1491516111698
W 16 1 4 008 1491516113279
W 16 1 4 009 1491516114724
***
R 17 1 1 000 1491516348965
R 17 1 1 001 1491516352698
R 17 1 1 002 1491516354634
R 17 1 1 003 1491516355543
R 17 1 1 004 1491516358125
R 17 1 1 005 1491516358939
R 17 1 1 006 1491516361340
R 17 1 1 007 1491516362605
R 17 1 1 008 1491516363821
R 17 1 1 009 1491516364775
---
W 17 1 1 000 1491516342873
W 17 1 1 001 1491516344875
W 17 1 1 002 1491516350452
W 17 1 1 003 1491516353109
W 17 1 1 004 1491516354867
W 17 1 1 005 1491516356882
W 17 1 1 006 1491516358570
W 17 1 1 007 1491516359996
W 17 1 1 008 1491516362180
W 17 1 1 009 1491516363759
***
R 17 1 2 000 1491516600638
R 17 1 2 001 1491516602825
R 17 1 2 002 1491516604682
R 17 1 2 003 1491516606138
R 17 1 2 004 1491516607784
R 17 1 2 005 1491516609300
R 17 1 2 006 1491516610442
R 17 1 2 007 1491516610706
R 17 1 2 008 1491516612410
R 17 1 2 009 1491516613777
---
W 17 1 2 000 1491516592557
W 17 1 2 001 1491516594605
W 17 1 2 002 1491516601618
W 17 1 2 003 1491516603780
W 17 1 2 004 1491516605499
W 17 1 2 005 1491516607450
W 17 1 2 006 1491516608781
W 17 1 2 007 1491516610018
W 17 1 2 008 1491516611227
W 17 1 2 009 1491516612445
***
R 17 1 3 000 1491516845768
R 17 1 3 001 1491516852003
R 17 1 3 002 1491516853011
R 17 1 3 003 1491516854052
R 17 1 3 004 1491516854524
R 17 1 3 005 1491516855776
R 17 1 3 006 1491516857318
R 17 1 3 007 1491516858726
R 17 1 3 008 1491516859421
R 17 1 3 009 1491516860592
---
W 17 1 3 000 1491516841364
W 17 1 3 001 1491516843078
W 17 1 3 002 1491516848473
W 17 1 3 003 1491516851648
W 17 1 3 004 1491516853057
W 17 1 3 005 1491516854547
W 17 1 3 006 1491516855949
W 17 1 3 007 1491516857231
W 17 1 3 008 1491516858437
W 17 1 3 009 1491516859592
***
R 17 1 4 000 1491517097081
R 17 1 4 001 1491517100780
R 17 1 4 002 1491517101165
R 17 1 4 003 1491517102045
R 17 1 4 004 1491517102743
R 17 1 4 005 1491517103293
R 17 1 4 006 1491517104751
R 17 1 4 007 1491517106424
R 17 1 4 008 1491517107825
R 17 1 4 009 1491517108384
---
W 17 1 4 000 1491517088837
W 17 1 4 001 1491517090942
W 17 1 4 002 1491517095545
W 17 1 4 003 1491517098349
W 17 1 4 004 1491517100508
W 17 1 4 005 1491517102080
W 17 1 4 006 1491517103393
W 17 1 4 007 1491517104590
W 17 1 4 008 1491517105931
W 17 1 4 009 1491517107259
***
W 18 1 1 000 1491517348455
W 18 1 1 001 1491517350594
W 18 1 1 002 1491517356933
W 18 1 1 003 1491517359160
W 18 1 1 004 1491517360867
W 18 1 1 005 1491517362595
W 18 1 1 006 1491517364692
W 18 1 1 007 1491517366289
W 18 1 1 008 1491517367611
W 18 1 1 009 1491517369334
***
R 18 1 1 000 1491517356895
R 18 1 1 001 1491517359423
R 18 1 1 002 1491517361776
R 18 1 1 003 1491517362747
R 18 1 1 004 1491517365452
R 18 1 1 005 1491517365998
R 18 1 1 006 1491517366792
R 18 1 1 007 1491517367741
R 18 1 1 008 1491517369396
R 18 1 1 009 1491517370918
---
R 18 1 2 000 1491517614872
R 18 1 2 001 1491517619017
R 18 1 2 002 1491517620809
R 18 1 2 003 1491517622031
R 18 1 2 004 1491517622845
R 18 1 2 005 1491517623672
R 18 1 2 006 1491517625771
R 18 1 2 007 1491517626656
R 18 1 2 008 1491517627888
R 18 1 2 009 1491517629214
---
W 18 1 2 000 1491517608164
W 18 1 2 001 1491517610817
W 18 1 2 002 1491517615926
W 18 1 2 003 1491517618885
W 18 1 2 004 1491517620445
W 18 1 2 005 1491517622528
W 18 1 2 006 1491517623868
W 18 1 2 007 1491517625893
W 18 1 2 008 1491517627066
W 18 1 2 009 1491517628287
***
R 18 1 3 000 1491517875467
R 18 1 3 001 1491517877607
R 18 1 3 002 1491517878081
R 18 1 3 003 1491517879768
R 18 1 3 004 1491517880471
R 18 1 3 005 1491517881465
R 18 1 3 006 1491517883886
R 18 1 3 007 1491517885606
R 18 1 3 008 1491517886765
R 18 1 3 009 1491517887352
---
W 18 1 3 000 1491517866040
W 18 1 3 001 1491517868722
W 18 1 3 002 1491517873272
W 18 1 3 003 1491517876339
W 18 1 3 004 1491517878111
W 18 1 3 005 1491517879711
W 18 1 3 006 1491517881279
W 18 1 3 007 1491517883407
W 18 1 3 008 1491517884982
W 18 1 3 009 1491517886654
***
R 18 1 4 000 1491518132316
R 18 1 4 001 1491518137076
R 18 1 4 002 1491518139103
R 18 1 4 003 1491518140744
R 18 1 4 004 1491518143166
R 18 1 4 005 1491518143467
R 18 1 4 006 1491518143686
R 18 1 4 007 1491518145241
R 18 1 4 008 1491518146920
R 18 1 4 009 1491518147943
---
W 18 1 4 000 1491518126370
W 18 1 4 001 1491518128154
W 18 1 4 002 1491518135535
W 18 1 4 003 1491518137693
W 18 1 4 004 1491518139522
W 18 1 4 005 1491518141258
W 18 1 4 006 1491518142709
W 18 1 4 007 1491518143986
W 18 1 4 008 1491518145288
W 18 1 4 009 1491518147015
***
R 21 1 1 000 1491518434163
R 21 1 1 001 1491518436873
R 21 1 1 002 1491518440057
R 21 1 1 003 1491518441724
R 21 1 1 004 1491518443628
R 21 1 1 005 1491518445299
R 21 1 1 006 1491518446204
R 21 1 1 007 1491518446631
R 21 1 1 008 1491518447135
R 21 1 1 009 1491518448081
---
W 21 1 1 000 1491518424514
W 21 1 1 001 1491518427181
W 21 1 1 002 1491518432981
W 21 1 1 003 1491518434707
W 21 1 1 004 1491518436684
W 21 1 1 005 1491518439103
W 21 1 1 006 1491518441796
W 21 1 1 007 1491518443558
W 21 1 1 008 1491518445403
W 21 1 1 009 1491518446777
***
W 21 1 2 000 1491518719544
W 21 1 2 001 1491518721428
W 21 1 2 002 1491518728453
W 21 1 2 003 1491518730420
W 21 1 2 004 1491518731984
W 21 1 2 005 1491518733679
W 21 1 2 006 1491518734835
W 21 1 2 007 1491518736067
W 21 1 2 008 1491518738149
W 21 1 2 009 1491518739673
***
R 21 1 2 000 1491518726475
R 21 1 2 001 1491518729480
R 21 1 2 002 1491518731351
R 21 1 2 003 1491518732715
R 21 1 2 004 1491518735544
R 21 1 2 005 1491518735726
R 21 1 2 006 1491518736273
R 21 1 2 007 1491518738463
R 21 1 2 008 1491518739572
R 21 1 2 009 1491518740933
---
R 21 1 3 000 1491519022647
R 21 1 3 001 1491519027502
R 21 1 3 002 1491519028496
R 21 1 3 003 1491519028797
R 21 1 3 004 1491519028906
R 21 1 3 005 1491519030123
R 21 1 3 006 1491519031651
R 21 1 3 007 1491519032870
R 21 1 3 008 1491519033948
R 21 1 3 009 1491519035639
---
W 21 1 3 000 1491519010706
W 21 1 3 001 1491519013171
W 21 1 3 002 1491519021892
W 21 1 3 003 1491519023686
W 21 1 3 004 1491519025201
W 21 1 3 005 1491519026904
W 21 1 3 006 1491519030035
W 21 1 3 007 1491519031647
W 21 1 3 008 1491519032979
W 21 1 3 009 1491519034280
***
R 21 1 4 000 1491519315814
R 21 1 4 001 1491519318142
R 21 1 4 002 1491519318617
R 21 1 4 003 1491519320643
R 21 1 4 004 1491519321956
R 21 1 4 005 1491519323666
R 21 1 4 006 1491519323888
R 21 1 4 007 1491519324468
R 21 1 4 008 1491519325743
R 21 1 4 009 1491519326870
---
W 21 1 4 000 1491519307264
W 21 1 4 001 1491519308970
W 21 1 4 002 1491519313692
W 21 1 4 003 1491519316609
W 21 1 4 004 1491519318147
W 21 1 4 005 1491519320309
W 21 1 4 006 1491519322167
W 21 1 4 007 1491519323496
W 21 1 4 008 1491519324777
W 21 1 4 009 1491519326086
***
R 22 1 1 000 1491519618662
R 22 1 1 001 1491519624832
R 22 1 1 002 1491519625875
R 22 1 1 003 1491519627907
R 22 1 1 004 1491519629756
R 22 1 1 005 1491519631452
R 22 1 1 006 1491519632381
R 22 1 1 007 1491519633131
R 22 1 1 008 1491519634036
R 22 1 1 009 1491519635384
---
W 22 1 1 000 1491519610433
W 22 1 1 001 1491519614033
W 22 1 1 002 1491519620374
W 22 1 1 003 1491519622930
W 22 1 1 004 1491519625381
W 22 1 1 005 1491519627880
W 22 1 1 006 1491519629749
W 22 1 1 007 1491519631458
W 22 1 1 008 1491519633253
W 22 1 1 009 1491519634497
***
R 22 1 2 000 1491519924292
R 22 1 2 001 1491519929234
R 22 1 2 002 1491519932341
R 22 1 2 003 1491519932953
R 22 1 2 004 1491519935295
R 22 1 2 005 1491519936298
R 22 1 2 006 1491519938060
R 22 1 2 007 1491519938769
R 22 1 2 008 1491519940070
R 22 1 2 009 1491519941290
---
W 22 1 2 000 1491519918863
W 22 1 2 001 1491519920914
W 22 1 2 002 1491519925366
W 22 1 2 003 1491519928930
W 22 1 2 004 1491519930930
W 22 1 2 005 1491519932676
W 22 1 2 006 1491519935389
W 22 1 2 007 1491519937321
W 22 1 2 008 1491519938885
W 22 1 2 009 1491519940126
***
W 22 1 3 000 1491520222888
W 22 1 3 001 1491520225966
W 22 1 3 002 1491520228348
W 22 1 3 003 1491520230538
W 22 1 3 004 1491520233256
W 22 1 3 005 1491520235031
W 22 1 3 006 1491520236524
W 22 1 3 007 1491520238139
W 22 1 3 008 1491520239346
W 22 1 3 009 1491520241061
***
R 22 1 3 000 1491520234562
R 22 1 3 001 1491520235648
R 22 1 3 002 1491520238801
R 22 1 3 003 1491520240597
R 22 1 3 004 1491520241604
R 22 1 3 005 1491520241604
R 22 1 3 006 1491520241604
R 22 1 3 007 1491520242067
R 22 1 3 008 1491520242381
R 22 1 3 009 1491520242381
---
R 22 1 4 000 1491520533154
R 22 1 4 001 1491520533766
R 22 1 4 002 1491520537216
R 22 1 4 003 1491520538249
R 22 1 4 004 1491520540389
R 22 1 4 005 1491520541363
R 22 1 4 006 1491520541979
R 22 1 4 007 1491520542987
R 22 1 4 008 1491520544071
R 22 1 4 009 1491520544961
---
W 22 1 4 000 1491520522657
W 22 1 4 001 1491520525170
W 22 1 4 002 1491520532435
W 22 1 4 003 1491520534131
W 22 1 4 004 1491520536440
W 22 1 4 005 1491520538185
W 22 1 4 006 1491520540081
W 22 1 4 007 1491520541772
W 22 1 4 008 1491520543004
W 22 1 4 009 1491520544252
***
R 23 1 1 000 1491520845973
R 23 1 1 001 1491520847221
R 23 1 1 002 1491520848300
R 23 1 1 003 1491520850728
R 23 1 1 004 1491520850999
R 23 1 1 005 1491520852844
R 23 1 1 006 1491520855156
R 23 1 1 007 1491520856383
R 23 1 1 008 1491520857594
R 23 1 1 009 1491520858810
---
W 23 1 1 000 1491520837020
W 23 1 1 001 1491520839605
W 23 1 1 002 1491520845436
W 23 1 1 003 1491520847563
W 23 1 1 004 1491520849292
W 23 1 1 005 1491520850754
W 23 1 1 006 1491520852132
W 23 1 1 007 1491520854493
W 23 1 1 008 1491520856138
W 23 1 1 009 1491520857901
***
R 23 1 2 000 1491521165479
R 23 1 2 001 1491521167072
R 23 1 2 002 1491521170428
R 23 1 2 003 1491521170889
R 23 1 2 004 1491521172467
R 23 1 2 005 1491521175644
R 23 1 2 006 1491521176933
R 23 1 2 007 1491521178101
R 23 1 2 008 1491521179522
R 23 1 2 009 1491521180579
---
W 23 1 2 000 1491521156083
W 23 1 2 001 1491521158239
W 23 1 2 002 1491521165374
W 23 1 2 003 1491521167673
W 23 1 2 004 1491521169893
W 23 1 2 005 1491521171667
W 23 1 2 006 1491521175001
W 23 1 2 007 1491521177112
W 23 1 2 008 1491521178403
W 23 1 2 009 1491521179537
***
R 23 1 3 000 1491521480459
R 23 1 3 001 1491521483178
R 23 1 3 002 1491521486064
R 23 1 3 003 1491521488421
R 23 1 3 004 1491521490618
R 23 1 3 005 1491521491956
R 23 1 3 006 1491521492477
R 23 1 3 007 1491521493131
R 23 1 3 008 1491521493910
R 23 1 3 009 1491521495471
---
W 23 1 3 000 1491521471664
W 23 1 3 001 1491521474438
W 23 1 3 002 1491521480919
W 23 1 3 003 1491521482919
W 23 1 3 004 1491521485369
W 23 1 3 005 1491521487584
W 23 1 3 006 1491521489411
W 23 1 3 007 1491521491659
W 23 1 3 008 1491521492955
W 23 1 3 009 1491521494277
***
R 23 1 4 000 1491521793671
R 23 1 4 001 1491521799917
R 23 1 4 002 1491521802040
R 23 1 4 003 1491521802213
R 23 1 4 004 1491521803327
R 23 1 4 005 1491521803847
R 23 1 4 006 1491521805530
R 23 1 4 007 1491521806643
R 23 1 4 008 1491521807715
R 23 1 4 009 1491521809082
---
W 23 1 4 000 1491521786972
W 23 1 4 001 1491521788715
W 23 1 4 002 1491521794449
W 23 1 4 003 1491521796957
W 23 1 4 004 1491521798576
W 23 1 4 005 1491521800238
W 23 1 4 006 1491521803134
W 23 1 4 007 1491521805404
W 23 1 4 008 1491521806618
W 23 1 4 009 1491521807929
***
R 24 1 1 000 1491522123860
R 24 1 1 001 1491522126968
R 24 1 1 002 1491522128457
R 24 1 1 003 1491522130394
R 24 1 1 004 1491522131751
R 24 1 1 005 1491522133133
R 24 1 1 006 1491522134437
R 24 1 1 007 1491522135433
R 24 1 1 008 1491522137148
R 24 1 1 009 1491522137977
---
W 24 1 1 000 1491522110768
W 24 1 1 001 1491522112928
W 24 1 1 002 1491522121293
W 24 1 1 003 1491522123396
W 24 1 1 004 1491522126158
W 24 1 1 005 1491522130133
W 24 1 1 006 1491522131716
W 24 1 1 007 1491522133809
W 24 1 1 008 1491522135643
W 24 1 1 009 1491522137154
***
R 24 1 2 000 1491522450671
R 24 1 2 001 1491522454467
R 24 1 2 002 1491522456685
R 24 1 2 003 1491522458708
R 24 1 2 004 1491522459513
R 24 1 2 005 1491522460878
R 24 1 2 006 1491522462482
R 24 1 2 007 1491522462947
R 24 1 2 008 1491522464004
R 24 1 2 009 1491522465537
---
W 24 1 2 000 1491522440730
W 24 1 2 001 1491522443477
W 24 1 2 002 1491522451331
W 24 1 2 003 1491522452984
W 24 1 2 004 1491522455910
W 24 1 2 005 1491522457688
W 24 1 2 006 1491522459188
W 24 1 2 007 1491522460942
W 24 1 2 008 1491522462928
W 24 1 2 009 1491522464256
***
R 24 1 3 000 1491522778637
R 24 1 3 001 1491522780528
R 24 1 3 002 1491522784440
R 24 1 3 003 1491522788212
R 24 1 3 004 1491522789760
R 24 1 3 005 1491522790527
R 24 1 3 006 1491522791347
R 24 1 3 007 1491522792079
R 24 1 3 008 1491522793339
R 24 1 3 009 1491522794231
---
W 24 1 3 000 1491522768701
W 24 1 3 001 1491522771644
W 24 1 3 002 1491522779295
W 24 1 3 003 1491522781063
W 24 1 3 004 1491522783431
W 24 1 3 005 1491522785593
W 24 1 3 006 1491522787732
W 24 1 3 007 1491522789324
W 24 1 3 008 1491522791028
W 24 1 3 009 1491522792905
***
R 24 1 4 000 1491523104757
R 24 1 4 001 1491523110660
R 24 1 4 002 1491523111773
R 24 1 4 003 1491523112605
R 24 1 4 004 1491523114647
R 24 1 4 005 1491523116044
R 24 1 4 006 1491523117071
R 24 1 4 007 1491523117894
R 24 1 4 008 1491523118967
R 24 1 4 009 1491523120251
---
W 24 1 4 000 1491523095070
W 24 1 4 001 1491523098057
W 24 1 4 002 1491523104392
W 24 1 4 003 1491523107167
W 24 1 4 004 1491523109080
W 24 1 4 005 1491523111136
W 24 1 4 006 1491523114138
W 24 1 4 007 1491523116288
W 24 1 4 008 1491523117982
W 24 1 4 009 1491523119309
***
R 25 1 1 000 1491523440088
R 25 1 1 001 1491523447165
R 25 1 1 002 1491523448349
R 25 1 1 003 1491523449274
R 25 1 1 004 1491523450607
R 25 1 1 005 1491523451598
R 25 1 1 006 1491523452908
R 25 1 1 007 1491523454095
R 25 1 1 008 1491523455293
R 25 1 1 009 1491523456427
---
W 25 1 1 000 1491523432416
W 25 1 1 001 1491523435098
W 25 1 1 002 1491523444432
W 25 1 1 003 1491523446071
W 25 1 1 004 1491523447586
W 25 1 1 005 1491523449230
W 25 1 1 006 1491523452207
W 25 1 1 007 1491523453360
W 25 1 1 008 1491523454547
W 25 1 1 009 1491523455755
***
R 25 1 2 000 1491523779694
R 25 1 2 001 1491523782613
R 25 1 2 002 1491523784995
R 25 1 2 003 1491523787245
R 25 1 2 004 1491523787933
R 25 1 2 005 1491523788493
R 25 1 2 006 1491523789399
R 25 1 2 007 1491523789902
R 25 1 2 008 1491523790444
R 25 1 2 009 1491523791638
---
W 25 1 2 000 1491523768645
W 25 1 2 001 1491523771871
W 25 1 2 002 1491523774916
W 25 1 2 003 1491523778679
W 25 1 2 004 1491523781015
W 25 1 2 005 1491523782739
W 25 1 2 006 1491523785207
W 25 1 2 007 1491523787181
W 25 1 2 008 1491523789395
W 25 1 2 009 1491523790683
***
R 25 1 3 000 1491524113137
R 25 1 3 001 1491524114751
R 25 1 3 002 1491524117436
R 25 1 3 003 1491524118801
R 25 1 3 004 1491524121556
R 25 1 3 005 1491524122552
R 25 1 3 006 1491524123499
R 25 1 3 007 1491524124545
R 25 1 3 008 1491524125387
R 25 1 3 009 1491524126342
---
W 25 1 3 000 1491524103209
W 25 1 3 001 1491524106007
W 25 1 3 002 1491524111700
W 25 1 3 003 1491524114544
W 25 1 3 004 1491524116267
W 25 1 3 005 1491524118344
W 25 1 3 006 1491524121333
W 25 1 3 007 1491524122958
W 25 1 3 008 1491524124228
W 25 1 3 009 1491524125476
***
R 25 1 4 000 1491524448464
R 25 1 4 001 1491524455311
R 25 1 4 002 1491524455449
R 25 1 4 003 1491524456091
R 25 1 4 004 1491524457434
R 25 1 4 005 1491524458649
R 25 1 4 006 1491524459664
R 25 1 4 007 1491524460958
R 25 1 4 008 1491524462723
R 25 1 4 009 1491524464016
---
W 25 1 4 000 1491524437208
W 25 1 4 001 1491524439388
W 25 1 4 002 1491524446979
W 25 1 4 003 1491524453033
W 25 1 4 004 1491524454400
W 25 1 4 005 1491524456272
W 25 1 4 006 1491524458266
W 25 1 4 007 1491524460025
W 25 1 4 008 1491524461428
W 25 1 4 009 1491524463139
***
R 26 1 1 000 1491524807730
R 26 1 1 001 1491524815747
R 26 1 1 002 1491524816660
R 26 1 1 003 1491524817164
R 26 1 1 004 1491524817683
R 26 1 1 005 1491524817968
R 26 1 1 006 1491524818243
R 26 1 1 007 1491524818243
R 26 1 1 008 1491524818927
R 26 1 1 009 1491524820321
---
W 26 1 1 000 1491524797638
W 26 1 1 001 1491524799508
W 26 1 1 002 1491524804721
W 26 1 1 003 1491524808430
W 26 1 1 004 1491524810423
W 26 1 1 005 1491524812933
W 26 1 1 006 1491524814560
W 26 1 1 007 1491524816430
W 26 1 1 008 1491524817871
W 26 1 1 009 1491524819159
***
W 26 1 2 000 1491525144131
W 26 1 2 001 1491525145872
W 26 1 2 002 1491525154941
W 26 1 2 003 1491525157211
W 26 1 2 004 1491525159431
W 26 1 2 005 1491525161079
W 26 1 2 006 1491525162749
W 26 1 2 007 1491525164354
W 26 1 2 008 1491525166881
W 26 1 2 009 1491525169285
***
R 26 1 2 000 1491525154439
R 26 1 2 001 1491525161263
R 26 1 2 002 1491525162069
R 26 1 2 003 1491525162069
R 26 1 2 004 1491525162781
R 26 1 2 005 1491525164215
R 26 1 2 006 1491525165908
R 26 1 2 007 1491525166939
R 26 1 2 008 1491525169404
R 26 1 2 009 1491525171017
---
W 26 1 3 000 1491525495745
W 26 1 3 001 1491525498564
W 26 1 3 002 1491525506026
W 26 1 3 003 1491525508017
W 26 1 3 004 1491525510997
W 26 1 3 005 1491525513089
W 26 1 3 006 1491525515373
W 26 1 3 007 1491525517621
W 26 1 3 008 1491525518958
W 26 1 3 009 1491525520543
***
R 26 1 3 000 1491525507231
R 26 1 3 001 1491525510570
R 26 1 3 002 1491525512208
R 26 1 3 003 1491525513479
R 26 1 3 004 1491525515329
R 26 1 3 005 1491525516567
R 26 1 3 006 1491525517850
R 26 1 3 007 1491525518695
R 26 1 3 008 1491525520661
R 26 1 3 009 1491525521984
---
R 26 1 4 000 1491525853334
R 26 1 4 001 1491525860329
R 26 1 4 002 1491525865372
R 26 1 4 003 1491525865916
R 26 1 4 004 1491525867505
R 26 1 4 005 1491525869026
R 26 1 4 006 1491525869779
R 26 1 4 007 1491525870255
R 26 1 4 008 1491525871401
R 26 1 4 009 1491525872639
---
W 26 1 4 000 1491525845902
W 26 1 4 001 1491525848955
W 26 1 4 002 1491525856105
W 26 1 4 003 1491525858906
W 26 1 4 004 1491525862705
W 26 1 4 005 1491525865656
W 26 1 4 006 1491525867488
W 26 1 4 007 1491525869084
W 26 1 4 008 1491525870442
W 26 1 4 009 1491525871607
***
W 27 1 1 000 1491526209502
W 27 1 1 001 1491526212234
W 27 1 1 002 1491526219233
W 27 1 1 003 1491526221616
W 27 1 1 004 1491526224034
W 27 1 1 005 1491526225399
W 27 1 1 006 1491526227083
W 27 1 1 007 1491526228661
W 27 1 1 008 1491526230694
W 27 1 1 009 1491526232115
***
R 27 1 1 000 1491526223112
R 27 1 1 001 1491526226497
R 27 1 1 002 1491526226878
R 27 1 1 003 1491526227768
R 27 1 1 004 1491526229240
R 27 1 1 005 1491526231136
R 27 1 1 006 1491526231956
R 27 1 1 007 1491526232660
R 27 1 1 008 1491526232660
R 27 1 1 009 1491526233467
---
R 27 1 2 000 1491526577858
R 27 1 2 001 1491526582989
R 27 1 2 002 1491526584999
R 27 1 2 003 1491526585677
R 27 1 2 004 1491526586812
R 27 1 2 005 1491526588180
R 27 1 2 006 1491526589916
R 27 1 2 007 1491526591620
R 27 1 2 008 1491526592450
R 27 1 2 009 1491526594055
---
W 27 1 2 000 1491526568611
W 27 1 2 001 1491526570449
W 27 1 2 002 1491526579756
W 27 1 2 003 1491526582527
W 27 1 2 004 1491526585045
W 27 1 2 005 1491526586603
W 27 1 2 006 1491526588215
W 27 1 2 007 1491526589744
W 27 1 2 008 1491526591400
W 27 1 2 009 1491526592715
***
R 27 1 3 000 1491526939336
R 27 1 3 001 1491526939649
R 27 1 3 002 1491526941279
R 27 1 3 003 1491526943262
R 27 1 3 004 1491526944857
R 27 1 3 005 1491526947106
R 27 1 3 006 1491526948492
R 27 1 3 007 1491526949388
R 27 1 3 008 1491526950997
R 27 1 3 009 1491526952269
---
W 27 1 3 000 1491526929110
W 27 1 3 001 1491526931094
W 27 1 3 002 1491526937254
W 27 1 3 003 1491526939163
W 27 1 3 004 1491526941552
W 27 1 3 005 1491526944432
W 27 1 3 006 1491526946447
W 27 1 3 007 1491526948298
W 27 1 3 008 1491526949664
W 27 1 3 009 1491526951000
***
R 27 1 4 000 1491527295941
R 27 1 4 001 1491527298608
R 27 1 4 002 1491527301289
R 27 1 4 003 1491527302710
R 27 1 4 004 1491527304644
R 27 1 4 005 1491527305283
R 27 1 4 006 1491527305513
R 27 1 4 007 1491527305936
R 27 1 4 008 1491527306167
R 27 1 4 009 1491527307015
---
W 27 1 4 000 1491527286511
W 27 1 4 001 1491527288278
W 27 1 4 002 1491527291656
W 27 1 4 003 1491527295193
W 27 1 4 004 1491527297909
W 27 1 4 005 1491527299645
W 27 1 4 006 1491527301349
W 27 1 4 007 1491527303145
W 27 1 4 008 1491527304668
W 27 1 4 009 1491527306016
***
W 28 1 1 000 1491527652535
W 28 1 1 001 1491527654297
W 28 1 1 002 1491527661944
W 28 1 1 003 1491527664292
W 28 1 1 004 1491527669014
W 28 1 1 005 1491527671145
W 28 1 1 006 1491527672804
W 28 1 1 007 1491527674520
W 28 1 1 008 1491527676590
W 28 1 1 009 1491527678136
***
R 28 1 1 000 1491527666362
R 28 1 1 001 1491527669104
R 28 1 1 002 1491527670867
R 28 1 1 003 1491527673136
R 28 1 1 004 1491527674306
R 28 1 1 005 1491527675467
R 28 1 1 006 1491527676482
R 28 1 1 007 1491527677967
R 28 1 1 008 1491527679092
R 28 1 1 009 1491527679758
---
W 28 1 2 000 1491528025885
W 28 1 2 001 1491528028892
W 28 1 2 002 1491528036177
W 28 1 2 003 1491528037823
W 28 1 2 004 1491528039460
W 28 1 2 005 1491528041617
W 28 1 2 006 1491528043169
W 28 1 2 007 1491528044836
W 28 1 2 008 1491528046769
W 28 1 2 009 1491528048385
***
R 28 1 2 000 1491528044929
R 28 1 2 001 1491528046351
R 28 1 2 002 1491528046591
R 28 1 2 003 1491528046860
R 28 1 2 004 1491528047098
R 28 1 2 005 1491528047688
R 28 1 2 006 1491528047688
R 28 1 2 007 1491528047967
R 28 1 2 008 1491528048451
R 28 1 2 009 1491528049889
---
R 28 1 3 000 1491528406640
R 28 1 3 001 1491528411763
R 28 1 3 002 1491528414100
R 28 1 3 003 1491528415668
R 28 1 3 004 1491528417310
R 28 1 3 005 1491528418615
R 28 1 3 006 1491528419429
R 28 1 3 007 1491528420602
R 28 1 3 008 1491528422035
R 28 1 3 009 1491528423791
---
W 28 1 3 000 1491528396452
W 28 1 3 001 1491528399332
W 28 1 3 002 1491528408712
W 28 1 3 003 1491528411383
W 28 1 3 004 1491528414157
W 28 1 3 005 1491528415939
W 28 1 3 006 1491528417559
W 28 1 3 007 1491528418945
W 28 1 3 008 1491528420811
W 28 1 3 009 1491528422200
***
R 28 1 4 000 1491528779991
R 28 1 4 001 1491528786877
R 28 1 4 002 1491528788273
R 28 1 4 003 1491528788808
R 28 1 4 004 1491528789890
R 28 1 4 005 1491528790572
R 28 1 4 006 1491528791292
R 28 1 4 007 1491528792454
R 28 1 4 008 1491528793615
R 28 1 4 009 1491528795068
---
W 28 1 4 000 1491528771759
W 28 1 4 001 1491528773651
W 28 1 4 002 1491528782129
W 28 1 4 003 1491528783993
W 28 1 4 004 1491528785309
W 28 1 4 005 1491528787169
W 28 1 4 006 1491528789209
W 28 1 4 007 1491528791009
W 28 1 4 008 1491528792529
W 28 1 4 009 1491528793989
***
W 29 1 1 000 1491529152142
W 29 1 1 001 1491529154685
W 29 1 1 002 1491529162820
W 29 1 1 003 1491529164743
W 29 1 1 004 1491529166765
W 29 1 1 005 1491529169273
W 29 1 1 006 1491529170916
W 29 1 1 007 1491529172523
W 29 1 1 008 1491529174354
W 29 1 1 009 1491529177337
***
R 29 1 1 000 1491529170265
R 29 1 1 001 1491529173905
R 29 1 1 002 1491529175271
R 29 1 1 003 1491529175986
R 29 1 1 004 1491529176363
R 29 1 1 005 1491529176801
R 29 1 1 006 1491529177581
R 29 1 1 007 1491529178144
R 29 1 1 008 1491529178472
R 29 1 1 009 1491529179211
---
W 29 1 2 000 1491529539788
W 29 1 2 001 1491529542632
W 29 1 2 002 1491529549751
W 29 1 2 003 1491529551627
W 29 1 2 004 1491529554120
W 29 1 2 005 1491529556348
W 29 1 2 006 1491529557889
W 29 1 2 007 1491529559632
W 29 1 2 008 1491529560948
W 29 1 2 009 1491529562278
***
R 29 1 2 000 1491529558334
R 29 1 2 001 1491529559668
R 29 1 2 002 1491529560041
R 29 1 2 003 1491529560297
R 29 1 2 004 1491529560297
R 29 1 2 005 1491529560777
R 29 1 2 006 1491529560941
R 29 1 2 007 1491529561090
R 29 1 2 008 1491529561943
R 29 1 2 009 1491529564432
---
R 29 1 3 000 1491529936517
R 29 1 3 001 1491529938700
R 29 1 3 002 1491529939176
R 29 1 3 003 1491529939392
R 29 1 3 004 1491529940043
R 29 1 3 005 1491529941727
R 29 1 3 006 1491529943103
R 29 1 3 007 1491529944707
R 29 1 3 008 1491529945880
R 29 1 3 009 1491529947040
---
W 29 1 3 000 1491529920255
W 29 1 3 001 1491529923056
W 29 1 3 002 1491529932464
W 29 1 3 003 1491529934374
W 29 1 3 004 1491529935847
W 29 1 3 005 1491529937467
W 29 1 3 006 1491529939520
W 29 1 3 007 1491529941369
W 29 1 3 008 1491529943934
W 29 1 3 009 1491529945814
***
R 29 1 4 000 1491530321927
R 29 1 4 001 1491530323895
R 29 1 4 002 1491530324737
R 29 1 4 003 1491530325339
R 29 1 4 004 1491530325597
R 29 1 4 005 1491530326339
R 29 1 4 006 1491530326842
R 29 1 4 007 1491530328084
R 29 1 4 008 1491530329450
R 29 1 4 009 1491530330448
---
W 29 1 4 000 1491530304207
W 29 1 4 001 1491530307729
W 29 1 4 002 1491530314899
W 29 1 4 003 1491530317445
W 29 1 4 004 1491530320074
W 29 1 4 005 1491530322853
W 29 1 4 006 1491530324413
W 29 1 4 007 1491530325905
W 29 1 4 008 1491530327941
W 29 1 4 009 1491530329348
***
R 32 1 1 000 1491530751785
R 32 1 1 001 1491530754972
R 32 1 1 002 1491530755258
R 32 1 1 003 1491530755258
R 32 1 1 004 1491530755341
R 32 1 1 005 1491530756564
R 32 1 1 006 1491530758210
R 32 1 1 007 1491530758457
R 32 1 1 008 1491530759451
R 32 1 1 009 1491530760852
---
W 32 1 1 000 1491530732082
W 32 1 1 001 1491530735471
W 32 1 1 002 1491530746362
W 32 1 1 003 1491530749614
W 32 1 1 004 1491530751799
W 32 1 1 005 1491530753232
W 32 1 1 006 1491530754691
W 32 1 1 007 1491530756091
W 32 1 1 008 1491530758163
W 32 1 1 009 1491530759469
***
W 32 1 2 000 1491531155324
W 32 1 2 001 1491531157709
W 32 1 2 002 1491531166739
W 32 1 2 003 1491531168400
W 32 1 2 004 1491531170676
W 32 1 2 005 1491531172405
W 32 1 2 006 1491531173734
W 32 1 2 007 1491531175418
W 32 1 2 008 1491531177218
W 32 1 2 009 1491531179425
***
R 32 1 2 000 1491531172042
R 32 1 2 001 1491531174933
R 32 1 2 002 1491531175372
R 32 1 2 003 1491531175575
R 32 1 2 004 1491531175995
R 32 1 2 005 1491531177251
R 32 1 2 006 1491531178862
R 32 1 2 007 1491531179460
R 32 1 2 008 1491531180764
R 32 1 2 009 1491531181832
---
R 32 1 3 000 1491531590541
R 32 1 3 001 1491531592257
R 32 1 3 002 1491531593383
R 32 1 3 003 1491531594151
R 32 1 3 004 1491531594997
R 32 1 3 005 1491531595787
R 32 1 3 006 1491531598190
R 32 1 3 007 1491531599601
R 32 1 3 008 1491531600756
R 32 1 3 009 1491531602183
---
W 32 1 3 000 1491531574060
W 32 1 3 001 1491531577287
W 32 1 3 002 1491531584867
W 32 1 3 003 1491531586955
W 32 1 3 004 1491531590317
W 32 1 3 005 1491531592136
W 32 1 3 006 1491531593639
W 32 1 3 007 1491531595449
W 32 1 3 008 1491531598372
W 32 1 3 009 1491531600337
***
W 32 1 4 000 1491531994493
W 32 1 4 001 1491531999042
W 32 1 4 002 1491532007038
W 32 1 4 003 1491532011791
W 32 1 4 004 1491532014617
W 32 1 4 005 1491532016318
W 32 1 4 006 1491532017660
W 32 1 4 007 1491532019371
W 32 1 4 008 1491532021408
W 32 1 4 009 1491532023131
***
R 32 1 4 000 1491532014137
R 32 1 4 001 1491532016155
R 32 1 4 002 1491532016449
R 32 1 4 003 1491532017527
R 32 1 4 004 1491532019404
R 32 1 4 005 1491532021263
R 32 1 4 006 1491532022150
R 32 1 4 007 1491532023767
R 32 1 4 008 1491532024776
R 32 1 4 009 1491532024939
---
R 34 1 1 000 1491532456090
R 34 1 1 001 1491532459570
R 34 1 1 002 1491532459895
R 34 1 1 003 1491532460884
R 34 1 1 004 1491532463057
R 34 1 1 005 1491532463651
R 34 1 1 006 1491532464696
R 34 1 1 007 1491532465227
R 34 1 1 008 1491532465887
R 34 1 1 009 1491532467366
---
W 34 1 1 000 1491532440371
W 34 1 1 001 1491532442727
W 34 1 1 002 1491532454149
W 34 1 1 003 1491532456386
W 34 1 1 004 1491532457978
W 34 1 1 005 1491532459845
W 34 1 1 006 1491532461691
W 34 1 1 007 1491532463375
W 34 1 1 008 1491532464786
W 34 1 1 009 1491532466215
***
R 34 1 2 000 1491532897539
R 34 1 2 001 1491532900991
R 34 1 2 002 1491532901263
R 34 1 2 003 1491532901376
R 34 1 2 004 1491532901808
R 34 1 2 005 1491532903347
R 34 1 2 006 1491532904858
R 34 1 2 007 1491532906772
R 34 1 2 008 1491532908077
R 34 1 2 009 1491532909026
---
W 34 1 2 000 1491532880619
W 34 1 2 001 1491532884196
W 34 1 2 002 1491532896307
W 34 1 2 003 1491532898131
W 34 1 2 004 1491532899645
W 34 1 2 005 1491532901445
W 34 1 2 006 1491532903327
W 34 1 2 007 1491532904958
W 34 1 2 008 1491532906526
W 34 1 2 009 1491532907937
***
R 34 1 3 000 1491533340627
R 34 1 3 001 1491533341607
R 34 1 3 002 1491533341739
R 34 1 3 003 1491533343619
R 34 1 3 004 1491533345062
R 34 1 3 005 1491533346800
R 34 1 3 006 1491533347761
R 34 1 3 007 1491533349176
R 34 1 3 008 1491533350365
R 34 1 3 009 1491533351605
---
W 34 1 3 000 1491533322825
W 34 1 3 001 1491533325224
W 34 1 3 002 1491533339998
W 34 1 3 003 1491533341460
W 34 1 3 004 1491533343093
W 34 1 3 005 1491533345028
W 34 1 3 006 1491533346574
W 34 1 3 007 1491533347809
W 34 1 3 008 1491533349143
W 34 1 3 009 1491533350479
***
W 34 1 4 000 1491533766209
W 34 1 4 001 1491533768484
W 34 1 4 002 1491533783431
W 34 1 4 003 1491533785362
W 34 1 4 004 1491533787161
W 34 1 4 005 1491533789161
W 34 1 4 006 1491533790856
W 34 1 4 007 1491533792527
W 34 1 4 008 1491533794279
W 34 1 4 009 1491533796773
***
R 34 1 4 000 1491533783541
R 34 1 4 001 1491533786790
R 34 1 4 002 1491533787369
R 34 1 4 003 1491533789389
R 34 1 4 004 1491533791192
R 34 1 4 005 1491533792566
R 34 1 4 006 1491533793903
R 34 1 4 007 1491533795631
R 34 1 4 008 1491533796977
R 34 1 4 009 1491533798500
---
R 36 1 1 000 1491534261390
R 36 1 1 001 1491534263918
R 36 1 1 002 1491534265341
R 36 1 1 003 1491534266473
R 36 1 1 004 1491534268955
R 36 1 1 005 1491534270517
R 36 1 1 006 1491534272555
R 36 1 1 007 1491534273961
R 36 1 1 008 1491534275922
R 36 1 1 009 1491534276829
---
W 36 1 1 000 1491534245332
W 36 1 1 001 1491534249500
W 36 1 1 002 1491534262609
W 36 1 1 003 1491534264096
W 36 1 1 004 1491534265885
W 36 1 1 005 1491534267548
W 36 1 1 006 1491534269166
W 36 1 1 007 1491534271235
W 36 1 1 008 1491534273154
W 36 1 1 009 1491534275084
***
W 36 1 2 000 1491534713075
W 36 1 2 001 1491534714901
W 36 1 2 002 1491534726603
W 36 1 2 003 1491534729836
W 36 1 2 004 1491534731669
W 36 1 2 005 1491534733701
W 36 1 2 006 1491534735313
W 36 1 2 007 1491534736962
W 36 1 2 008 1491534740099
W 36 1 2 009 1491534741742
***
R 36 1 2 000 1491534737813
R 36 1 2 001 1491534743928
R 36 1 2 002 1491534745575
R 36 1 2 003 1491534745953
R 36 1 2 004 1491534746478
R 36 1 2 005 1491534746478
R 36 1 2 006 1491534747848
R 36 1 2 007 1491534748309
R 36 1 2 008 1491534748309
R 36 1 2 009 1491534748684
---
W 36 1 3 000 1491535183960
W 36 1 3 001 1491535186085
W 36 1 3 002 1491535201138
W 36 1 3 003 1491535203079
W 36 1 3 004 1491535204626
W 36 1 3 005 1491535206274
W 36 1 3 006 1491535207651
W 36 1 3 007 1491535209384
W 36 1 3 008 1491535211770
W 36 1 3 009 1491535213276
***
R 36 1 3 000 1491535207135
R 36 1 3 001 1491535211635
R 36 1 3 002 1491535212144
R 36 1 3 003 1491535212144
R 36 1 3 004 1491535212625
R 36 1 3 005 1491535212625
R 36 1 3 006 1491535212846
R 36 1 3 007 1491535213195
R 36 1 3 008 1491535213677
R 36 1 3 009 1491535217223
---
W 36 1 4 000 1491535649444
W 36 1 4 001 1491535651930
W 36 1 4 002 1491535665339
W 36 1 4 003 1491535667095
W 36 1 4 004 1491535669187
W 36 1 4 005 1491535670792
W 36 1 4 006 1491535672233
W 36 1 4 007 1491535673762
W 36 1 4 008 1491535675681
W 36 1 4 009 1491535677933
***
R 36 1 4 000 1491535667559
R 36 1 4 001 1491535672155
R 36 1 4 002 1491535673143
R 36 1 4 003 1491535674365
R 36 1 4 004 1491535674793
R 36 1 4 005 1491535675053
R 36 1 4 006 1491535675991
R 36 1 4 007 1491535678272
R 36 1 4 008 1491535679824
R 36 1 4 009 1491535680222
---
W 38 1 1 000 1491536136823
W 38 1 1 001 1491536139446
W 38 1 1 002 1491536152631
W 38 1 1 003 1491536153996
W 38 1 1 004 1491536155583
W 38 1 1 005 1491536157117
W 38 1 1 006 1491536158759
W 38 1 1 007 1491536161000
W 38 1 1 008 1491536162768
W 38 1 1 009 1491536164169
***
R 38 1 1 000 1491536156507
R 38 1 1 001 1491536159326
R 38 1 1 002 1491536160272
R 38 1 1 003 1491536160519
R 38 1 1 004 1491536161322
R 38 1 1 005 1491536161956
R 38 1 1 006 1491536162431
R 38 1 1 007 1491536163490
R 38 1 1 008 1491536164468
R 38 1 1 009 1491536165613
---
W 38 1 2 000 1491536623437
W 38 1 2 001 1491536625466
W 38 1 2 002 1491536637745
W 38 1 2 003 1491536639830
W 38 1 2 004 1491536641411
W 38 1 2 005 1491536642767
W 38 1 2 006 1491536644535
W 38 1 2 007 1491536646371
W 38 1 2 008 1491536649204
W 38 1 2 009 1491536650744
***
R 38 1 2 000 1491536639167
R 38 1 2 001 1491536642280
R 38 1 2 002 1491536642725
R 38 1 2 003 1491536643112
R 38 1 2 004 1491536644531
R 38 1 2 005 1491536645416
R 38 1 2 006 1491536647725
R 38 1 2 007 1491536649726
R 38 1 2 008 1491536651003
R 38 1 2 009 1491536652132
---
R 38 1 3 000 1491537126955
R 38 1 3 001 1491537129699
R 38 1 3 002 1491537130373
R 38 1 3 003 1491537132150
R 38 1 3 004 1491537133551
R 38 1 3 005 1491537135980
R 38 1 3 006 1491537138171
R 38 1 3 007 1491537139804
R 38 1 3 008 1491537141251
R 38 1 3 009 1491537142215
---
W 38 1 3 000 1491537110869
W 38 1 3 001 1491537113154
W 38 1 3 002 1491537129008
W 38 1 3 003 1491537130531
W 38 1 3 004 1491537132138
W 38 1 3 005 1491537133789
W 38 1 3 006 1491537135911
W 38 1 3 007 1491537138182
W 38 1 3 008 1491537140032
W 38 1 3 009 1491537141412
***
W 38 1 4 000 1491537596938
W 38 1 4 001 1491537600193
W 38 1 4 002 1491537618544
W 38 1 4 003 1491537620077
W 38 1 4 004 1491537621552
W 38 1 4 005 1491537623245
W 38 1 4 006 1491537624677
W 38 1 4 007 1491537626441
W 38 1 4 008 1491537628177
W 38 1 4 009 1491537629613
***
R 38 1 4 000 1491537616899
R 38 1 4 001 1491537625074
R 38 1 4 002 1491537625694
R 38 1 4 003 1491537628208
R 38 1 4 004 1491537628624
R 38 1 4 005 1491537629425
R 38 1 4 006 1491537630623
R 38 1 4 007 1491537632817
R 38 1 4 008 1491537633607
R 38 1 4 009 1491537634456
---
W 45 1 1 000 1491538183642
W 45 1 1 001 1491538186909
W 45 1 1 002 1491538204302
W 45 1 1 003 1491538205666
W 45 1 1 004 1491538207184
W 45 1 1 005 1491538209258
W 45 1 1 006 1491538211093
W 45 1 1 007 1491538213002
W 45 1 1 008 1491538214817
W 45 1 1 009 1491538216107
***
R 45 1 1 000 1491538206095
R 45 1 1 001 1491538210374
R 45 1 1 002 1491538210713
R 45 1 1 003 1491538211029
R 45 1 1 004 1491538211313
R 45 1 1 005 1491538211629
R 45 1 1 006 1491538212860
R 45 1 1 007 1491538215115
R 45 1 1 008 1491538216530
R 45 1 1 009 1491538218180
---
W 45 1 2 000 1491538752926
W 45 1 2 001 1491538756395
W 45 1 2 002 1491538777835
W 45 1 2 003 1491538780467
W 45 1 2 004 1491538781887
W 45 1 2 005 1491538783655
W 45 1 2 006 1491538785200
W 45 1 2 007 1491538786956
W 45 1 2 008 1491538788719
W 45 1 2 009 1491538792415
***
R 45 1 2 000 1491538783943
R 45 1 2 001 1491538788008
R 45 1 2 002 1491538788008
R 45 1 2 003 1491538788297
R 45 1 2 004 1491538788297
R 45 1 2 005 1491538788517
R 45 1 2 006 1491538789232
R 45 1 2 007 1491538792939
R 45 1 2 008 1491538794411
R 45 1 2 009 1491538795695
---
W 45 1 3 000 1491539332595
W 45 1 3 001 1491539348384
W 45 1 3 002 1491539352976
W 45 1 3 003 1491539355589
W 45 1 3 004 1491539357463
W 45 1 3 005 1491539358932
W 45 1 3 006 1491539360745
W 45 1 3 007 1491539362420
W 45 1 3 008 1491539365046
W 45 1 3 009 1491539368121
***
R 45 1 3 000 1491539355175
R 45 1 3 001 1491539358221
R 45 1 3 002 1491539359651
R 45 1 3 003 1491539362615
R 45 1 3 004 1491539366059
R 45 1 3 005 1491539369033
R 45 1 3 006 1491539371598
R 45 1 3 007 1491539372008
R 45 1 3 008 1491539372170
R 45 1 3 009 1491539372565
---
W 45 1 4 000 1491539904980
W 45 1 4 001 1491539908570
W 45 1 4 002 1491539928170
W 45 1 4 003 1491539930064
W 45 1 4 004 1491539931477
W 45 1 4 005 1491539933576
W 45 1 4 006 1491539935206
W 45 1 4 007 1491539936906
W 45 1 4 008 1491539938841
W 45 1 4 009 1491539940697
***
R 45 1 4 000 1491539933262
R 45 1 4 001 1491539940032
R 45 1 4 002 1491539940296
R 45 1 4 003 1491539940669
R 45 1 4 004 1491539941474
R 45 1 4 005 1491539941474
R 45 1 4 006 1491539941474
R 45 1 4 007 1491539941838
R 45 1 4 008 1491539941838
R 45 1 4 009 1491539943112
---
