R 1 1 1 000 1487616054583
R 1 1 1 001 1487616056119
R 1 1 1 002 1487616057622
R 1 1 1 003 1487616059143
R 1 1 1 004 1487616060603
R 1 1 1 005 1487616062033
R 1 1 1 006 1487616063372
R 1 1 1 007 1487616064715
R 1 1 1 008 1487616066057
R 1 1 1 009 1487616067392
---
W 1 1 1 000 1487616053821
W 1 1 1 001 1487616055713
W 1 1 1 002 1487616057141
W 1 1 1 003 1487616058689
W 1 1 1 004 1487616060189
W 1 1 1 005 1487616061632
W 1 1 1 006 1487616063047
W 1 1 1 007 1487616064409
W 1 1 1 008 1487616065772
W 1 1 1 009 1487616067085
***
R 1 1 2 000 1487616105809
R 1 1 2 001 1487616107302
R 1 1 2 002 1487616108788
R 1 1 2 003 1487616110170
R 1 1 2 004 1487616111571
R 1 1 2 005 1487616112897
R 1 1 2 006 1487616114327
R 1 1 2 007 1487616115761
R 1 1 2 008 1487616117079
R 1 1 2 009 1487616118393
---
W 1 1 2 000 1487616105117
W 1 1 2 001 1487616107019
W 1 1 2 002 1487616108320
W 1 1 2 003 1487616109805
W 1 1 2 004 1487616111192
W 1 1 2 005 1487616112578
W 1 1 2 006 1487616113947
W 1 1 2 007 1487616115384
W 1 1 2 008 1487616116760
W 1 1 2 009 1487616118104
***
R 1 1 3 000 1487616157034
R 1 1 3 001 1487616158628
R 1 1 3 002 1487616159928
R 1 1 3 003 1487616161270
R 1 1 3 004 1487616162621
R 1 1 3 005 1487616163992
R 1 1 3 006 1487616165299
R 1 1 3 007 1487616166633
R 1 1 3 008 1487616167936
R 1 1 3 009 1487616169314
---
W 1 1 3 000 1487616156409
W 1 1 3 001 1487616158214
W 1 1 3 002 1487616159677
W 1 1 3 003 1487616160999
W 1 1 3 004 1487616162314
W 1 1 3 005 1487616163654
W 1 1 3 006 1487616165012
W 1 1 3 007 1487616166339
W 1 1 3 008 1487616167661
W 1 1 3 009 1487616168977
***
R 1 1 4 000 1487616207701
R 1 1 4 001 1487616209217
R 1 1 4 002 1487616210553
R 1 1 4 003 1487616211882
R 1 1 4 004 1487616213248
R 1 1 4 005 1487616214648
R 1 1 4 006 1487616216052
R 1 1 4 007 1487616217446
R 1 1 4 008 1487616218864
R 1 1 4 009 1487616220189
---
W 1 1 4 000 1487616207116
W 1 1 4 001 1487616208900
W 1 1 4 002 1487616210270
W 1 1 4 003 1487616211601
W 1 1 4 004 1487616212904
W 1 1 4 005 1487616214295
W 1 1 4 006 1487616215705
W 1 1 4 007 1487616217061
W 1 1 4 008 1487616218495
W 1 1 4 009 1487616219914
***
R 2 1 1 000 1487616262202
R 2 1 1 001 1487616263983
R 2 1 1 002 1487616265694
R 2 1 1 003 1487616267446
R 2 1 1 004 1487616269285
R 2 1 1 005 1487616271055
R 2 1 1 006 1487616272750
R 2 1 1 007 1487616274588
R 2 1 1 008 1487616276035
R 2 1 1 009 1487616277752
---
W 2 1 1 000 1487616261132
W 2 1 1 001 1487616263320
W 2 1 1 002 1487616264984
W 2 1 1 003 1487616266696
W 2 1 1 004 1487616268551
W 2 1 1 005 1487616270415
W 2 1 1 006 1487616272187
W 2 1 1 007 1487616273824
W 2 1 1 008 1487616275660
W 2 1 1 009 1487616277106
***
R 2 1 2 000 1487616320450
R 2 1 2 001 1487616321835
R 2 1 2 002 1487616323256
R 2 1 2 003 1487616324592
R 2 1 2 004 1487616326265
R 2 1 2 005 1487616327884
R 2 1 2 006 1487616329440
R 2 1 2 007 1487616331003
R 2 1 2 008 1487616332663
R 2 1 2 009 1487616333975
---
W 2 1 2 000 1487616319589
W 2 1 2 001 1487616321591
W 2 1 2 002 1487616322902
W 2 1 2 003 1487616324273
W 2 1 2 004 1487616325665
W 2 1 2 005 1487616327331
W 2 1 2 006 1487616328907
W 2 1 2 007 1487616330520
W 2 1 2 008 1487616332077
W 2 1 2 009 1487616333643
***
R 2 1 3 000 1487616376831
R 2 1 3 001 1487616378320
R 2 1 3 002 1487616379673
R 2 1 3 003 1487616381003
R 2 1 3 004 1487616382445
R 2 1 3 005 1487616383877
R 2 1 3 006 1487616385442
R 2 1 3 007 1487616387043
R 2 1 3 008 1487616388498
R 2 1 3 009 1487616389875
---
W 2 1 3 000 1487616375716
W 2 1 3 001 1487616378059
W 2 1 3 002 1487616379382
W 2 1 3 003 1487616380707
W 2 1 3 004 1487616381989
W 2 1 3 005 1487616383450
W 2 1 3 006 1487616384921
W 2 1 3 007 1487616386438
W 2 1 3 008 1487616388168
W 2 1 3 009 1487616389546
***
R 2 1 4 000 1487616432490
R 2 1 4 001 1487616434150
R 2 1 4 002 1487616435653
R 2 1 4 003 1487616437264
R 2 1 4 004 1487616438847
R 2 1 4 005 1487616440632
R 2 1 4 006 1487616442238
R 2 1 4 007 1487616443800
R 2 1 4 008 1487616445517
R 2 1 4 009 1487616447024
---
W 2 1 4 000 1487616431663
W 2 1 4 001 1487616433703
W 2 1 4 002 1487616435238
W 2 1 4 003 1487616436758
W 2 1 4 004 1487616438354
W 2 1 4 005 1487616439923
W 2 1 4 006 1487616441703
W 2 1 4 007 1487616443337
W 2 1 4 008 1487616444874
W 2 1 4 009 1487616446598
***
R 5 1 1 000 1487667778210
R 5 1 1 001 1487667780987
R 5 1 1 002 1487667783111
R 5 1 1 003 1487667785140
R 5 1 1 004 1487667787247
R 5 1 1 005 1487667789398
R 5 1 1 006 1487667791712
R 5 1 1 007 1487667793933
R 5 1 1 008 1487667795938
R 5 1 1 009 1487667781876
---
W 5 1 1 000 1487667774981
W 5 1 1 001 1487667779950
W 5 1 1 002 1487667782201
W 5 1 1 003 1487667784318
W 5 1 1 004 1487667786233
W 5 1 1 005 1487667788512
W 5 1 1 006 1487667790600
W 5 1 1 007 1487667792904
W 5 1 1 008 1487667795157
W 5 1 1 009 1487667797192
***
R 5 1 2 000 1487667852604
R 5 1 2 001 1487667854765
R 5 1 2 002 1487667856823
R 5 1 2 003 1487667858851
R 5 1 2 004 1487667860893
R 5 1 2 005 1487667863216
R 5 1 2 006 1487667865877
R 5 1 2 007 1487667868506
R 5 1 2 008 1487667852445
R 5 1 2 009 1487667872444
---
W 5 1 2 000 1487667850095
W 5 1 2 001 1487667854036
W 5 1 2 002 1487667856051
W 5 1 2 003 1487667857928
W 5 1 2 004 1487667859951
W 5 1 2 005 1487667862123
W 5 1 2 006 1487667864413
W 5 1 2 007 1487667866923
W 5 1 2 008 1487667869634
W 5 1 2 009 1487667871584
***
R 5 1 3 000 1487667929145
R 5 1 3 001 1487667931352
R 5 1 3 002 1487667933602
R 5 1 3 003 1487667935627
R 5 1 3 004 1487667937958
R 5 1 3 005 1487667940067
R 5 1 3 006 1487667942255
R 5 1 3 007 1487667944135
R 5 1 3 008 1487667946369
R 5 1 3 009 1487667948561
---
W 5 1 3 000 1487667926672
W 5 1 3 001 1487667930707
W 5 1 3 002 1487667932563
W 5 1 3 003 1487667934671
W 5 1 3 004 1487667936673
W 5 1 3 005 1487667939011
W 5 1 3 006 1487667941104
W 5 1 3 007 1487667943411
W 5 1 3 008 1487667945423
W 5 1 3 009 1487667947528
***
R 5 1 4 000 1487668004583
R 5 1 4 001 1487668006637
R 5 1 4 002 1487668008968
R 5 1 4 003 1487668010619
R 5 1 4 004 1487668012806
R 5 1 4 005 1487668015027
R 5 1 4 006 1487668017145
R 5 1 4 007 1487668018972
R 5 1 4 008 1487668021098
R 5 1 4 009 1487668022825
---
W 5 1 4 000 1487668002482
W 5 1 4 001 1487668006356
W 5 1 4 002 1487668007725
W 5 1 4 003 1487668010109
W 5 1 4 004 1487668011732
W 5 1 4 005 1487668013964
W 5 1 4 006 1487668016180
W 5 1 4 007 1487668018312
W 5 1 4 008 1487668020139
W 5 1 4 009 1487668022055
***
R 10 1 1 000 1487616906153
R 10 1 1 001 1487616908414
R 10 1 1 002 1487616910403
R 10 1 1 003 1487616912427
R 10 1 1 004 1487616914755
R 10 1 1 005 1487616917828
R 10 1 1 006 1487616920376
R 10 1 1 007 1487616923213
R 10 1 1 008 1487616926025
R 10 1 1 009 1487616928368
---
W 10 1 1 000 1487616903792
W 10 1 1 001 1487616907923
W 10 1 1 002 1487616909395
W 10 1 1 003 1487616911426
W 10 1 1 004 1487616913619
W 10 1 1 005 1487616915911
W 10 1 1 006 1487616918918
W 10 1 1 007 1487616921539
W 10 1 1 008 1487616924256
W 10 1 1 009 1487616927161
***
R 10 1 2 000 1487617002711
R 10 1 2 001 1487617005945
R 10 1 2 002 1487617007910
R 10 1 2 003 1487617010315
R 10 1 2 004 1487617012637
R 10 1 2 005 1487617015487
R 10 1 2 006 1487617018748
R 10 1 2 007 1487617021704
R 10 1 2 008 1487617023974
R 10 1 2 009 1487617026358
---
W 10 1 2 000 1487616999745
W 10 1 2 001 1487617004397
W 10 1 2 002 1487617007145
W 10 1 2 003 1487617009125
W 10 1 2 004 1487617011627
W 10 1 2 005 1487617013924
W 10 1 2 006 1487617016566
W 10 1 2 007 1487617019963
W 10 1 2 008 1487617022738
W 10 1 2 009 1487617025080
***
R 10 1 3 000 1487617100534
R 10 1 3 001 1487617103411
R 10 1 3 002 1487617105306
R 10 1 3 003 1487617107433
R 10 1 3 004 1487617110602
R 10 1 3 005 1487617113394
R 10 1 3 006 1487617116003
R 10 1 3 007 1487617118027
R 10 1 3 008 1487617121183
R 10 1 3 009 1487617123847
---
W 10 1 3 000 1487617098072
W 10 1 3 001 1487617102408
W 10 1 3 002 1487617104409
W 10 1 3 003 1487617106495
W 10 1 3 004 1487617108768
W 10 1 3 005 1487617111647
W 10 1 3 006 1487617114758
W 10 1 3 007 1487617117207
W 10 1 3 008 1487617119197
W 10 1 3 009 1487617122300
***
R 10 1 4 000 1487617198172
R 10 1 4 001 1487617200560
R 10 1 4 002 1487617202769
R 10 1 4 003 1487617205488
R 10 1 4 004 1487617208091
R 10 1 4 005 1487617210958
R 10 1 4 006 1487617213532
R 10 1 4 007 1487617216274
R 10 1 4 008 1487617218977
R 10 1 4 009 1487617221277
---
W 10 1 4 000 1487617195570
W 10 1 4 001 1487617199799
W 10 1 4 002 1487617201795
W 10 1 4 003 1487617204010
W 10 1 4 004 1487617206616
W 10 1 4 005 1487617209190
W 10 1 4 006 1487617212270
W 10 1 4 007 1487617214566
W 10 1 4 008 1487617217418
W 10 1 4 009 1487617219924
***
R 20 1 1 000 1487617326545
R 20 1 1 001 1487617328642
R 20 1 1 002 1487617332377
R 20 1 1 003 1487617335380
R 20 1 1 004 1487617328375
R 20 1 1 005 1487617341227
R 20 1 1 006 1487617344419
R 20 1 1 007 1487617347317
R 20 1 1 008 1487617349698
R 20 1 1 009 1487617327537
---
W 20 1 1 000 1487617323638
W 20 1 1 001 1487617328257
W 20 1 1 002 1487617330631
W 20 1 1 003 1487617333448
W 20 1 1 004 1487617336515
W 20 1 1 005 1487617339376
W 20 1 1 006 1487617342611
W 20 1 1 007 1487617345509
W 20 1 1 008 1487617348014
W 20 1 1 009 1487617350706
***
R 20 1 2 000 1487617456979
R 20 1 2 001 1487617460344
R 20 1 2 002 1487617462999
R 20 1 2 003 1487617465618
R 20 1 2 004 1487617468286
R 20 1 2 005 1487617471222
R 20 1 2 006 1487617473903
R 20 1 2 007 1487617462035
R 20 1 2 008 1487617478853
R 20 1 2 009 1487617462035
---
W 20 1 2 000 1487617454161
W 20 1 2 001 1487617458791
W 20 1 2 002 1487617461500
W 20 1 2 003 1487617464300
W 20 1 2 004 1487617466544
W 20 1 2 005 1487617469755
W 20 1 2 006 1487617472293
W 20 1 2 007 1487617474811
W 20 1 2 008 1487617476908
W 20 1 2 009 1487617479763
***
R 20 1 3 000 1487617587700
R 20 1 3 001 1487617590672
R 20 1 3 002 1487617587422
R 20 1 3 003 1487617595583
R 20 1 3 004 1487617599391
R 20 1 3 005 1487617594089
R 20 1 3 006 1487617605515
R 20 1 3 007 1487617586629
R 20 1 3 008 1487617612255
R 20 1 3 009 1487617589532
---
W 20 1 3 000 1487617584003
W 20 1 3 001 1487617589014
W 20 1 3 002 1487617591756
W 20 1 3 003 1487617594008
W 20 1 3 004 1487617597220
W 20 1 3 005 1487617600459
W 20 1 3 006 1487617603929
W 20 1 3 007 1487617606731
W 20 1 3 008 1487617610333
W 20 1 3 009 1487617613194
***
R 20 1 4 000 1487617719197
R 20 1 4 001 1487617722659
R 20 1 4 002 1487617717848
R 20 1 4 003 1487617719492
R 20 1 4 004 1487617731507
R 20 1 4 005 1487617733723
R 20 1 4 006 1487617722160
R 20 1 4 007 1487617738937
R 20 1 4 008 1487617741499
R 20 1 4 009 1487617719492
---
W 20 1 4 000 1487617716006
W 20 1 4 001 1487617720707
W 20 1 4 002 1487617723802
W 20 1 4 003 1487617726440
W 20 1 4 004 1487617729644
W 20 1 4 005 1487617732463
W 20 1 4 006 1487617734942
W 20 1 4 007 1487617737109
W 20 1 4 008 1487617739907
W 20 1 4 009 1487617742732
***
R 30 1 1 000 1487617879278
R 30 1 1 001 1487617878801
R 30 1 1 002 1487617885455
R 30 1 1 003 1487617889874
R 30 1 1 004 1487617893649
R 30 1 1 005 1487617885172
R 30 1 1 006 1487617901676
R 30 1 1 007 1487617879278
R 30 1 1 008 1487617878801
R 30 1 1 009 1487617878801
---
W 30 1 1 000 1487617875744
W 30 1 1 001 1487617880680
W 30 1 1 002 1487617883919
W 30 1 1 003 1487617886952
W 30 1 1 004 1487617890703
W 30 1 1 005 1487617895331
W 30 1 1 006 1487617899713
W 30 1 1 007 1487617902936
W 30 1 1 008 1487617904985
W 30 1 1 009 1487617906344
***
R 30 1 2 000 1487618039907
R 30 1 2 001 1487618044082
R 30 1 2 002 1487618039907
R 30 1 2 003 1487618044659
R 30 1 2 004 1487618055889
R 30 1 2 005 1487618042637
R 30 1 2 006 1487618058225
R 30 1 2 007 1487618067851
R 30 1 2 008 1487618050996
R 30 1 2 009 1487618041725
---
W 30 1 2 000 1487618036799
W 30 1 2 001 1487618041285
W 30 1 2 002 1487618045156
W 30 1 2 003 1487618049183
W 30 1 2 004 1487618053208
W 30 1 2 005 1487618057280
W 30 1 2 006 1487618061448
W 30 1 2 007 1487618065452
W 30 1 2 008 1487618068819
W 30 1 2 009 1487618071238
***
R 30 1 3 000 1487618207721
R 30 1 3 001 1487618211773
R 30 1 3 002 1487618215462
R 30 1 3 003 1487618211330
R 30 1 3 004 1487618222571
R 30 1 3 005 1487618226448
R 30 1 3 006 1487618229849
R 30 1 3 007 1487618205200
R 30 1 3 008 1487618238113
R 30 1 3 009 1487618241393
---
W 30 1 3 000 1487618203671
W 30 1 3 001 1487618209319
W 30 1 3 002 1487618213106
W 30 1 3 003 1487618216504
W 30 1 3 004 1487618220410
W 30 1 3 005 1487618224002
W 30 1 3 006 1487618227457
W 30 1 3 007 1487618230754
W 30 1 3 008 1487618235422
W 30 1 3 009 1487618239175
***
R 30 1 4 000 1487618379783
R 30 1 4 001 1487618382370
R 30 1 4 002 1487618385862
R 30 1 4 003 1487618389249
R 30 1 4 004 1487618393722
R 30 1 4 005 1487618379977
R 30 1 4 006 1487618400266
R 30 1 4 007 1487618395239
R 30 1 4 008 1487618406611
R 30 1 4 009 1487618399012
---
W 30 1 4 000 1487618376715
W 30 1 4 001 1487618381488
W 30 1 4 002 1487618383464
W 30 1 4 003 1487618387356
W 30 1 4 004 1487618390756
W 30 1 4 005 1487618394843
W 30 1 4 006 1487618397888
W 30 1 4 007 1487618402164
W 30 1 4 008 1487618405735
W 30 1 4 009 1487618408376
***
R 40 1 1 000 1487618576109
R 40 1 1 001 1487618580795
R 40 1 1 002 1487618580795
R 40 1 1 003 1487618589452
R 40 1 1 004 1487618579949
R 40 1 1 005 1487618584640
R 40 1 1 006 1487618574148
R 40 1 1 007 1487618602790
R 40 1 1 008 1487618604158
R 40 1 1 009 1487618613652
---
W 40 1 1 000 1487618572148
W 40 1 1 001 1487618577638
W 40 1 1 002 1487618582304
W 40 1 1 003 1487618586813
W 40 1 1 004 1487618591039
W 40 1 1 005 1487618595516
W 40 1 1 006 1487618599610
W 40 1 1 007 1487618602994
W 40 1 1 008 1487618606862
W 40 1 1 009 1487618610789
***
R 40 1 2 000 1487618785111
R 40 1 2 001 1487618784435
R 40 1 2 002 1487618793503
R 40 1 2 003 1487618783972
R 40 1 2 004 1487618790604
R 40 1 2 005 1487618783972
R 40 1 2 006 1487618790127
R 40 1 2 007 1487618792299
R 40 1 2 008 1487618783313
R 40 1 2 009 1487618821027
---
W 40 1 2 000 1487618781658
W 40 1 2 001 1487618786649
W 40 1 2 002 1487618790620
W 40 1 2 003 1487618794945
W 40 1 2 004 1487618800190
W 40 1 2 005 1487618802450
W 40 1 2 006 1487618806669
W 40 1 2 007 1487618809706
W 40 1 2 008 1487618814245
W 40 1 2 009 1487618818202
***
R 40 1 3 000 1487618991473
R 40 1 3 001 1487618996837
R 40 1 3 002 1487619002363
R 40 1 3 003 1487618994720
R 40 1 3 004 1487619012004
R 40 1 3 005 1487619007046
R 40 1 3 006 1487619019814
R 40 1 3 007 1487619029698
R 40 1 3 008 1487619012800
R 40 1 3 009 1487618994494
---
W 40 1 3 000 1487618988906
W 40 1 3 001 1487618994762
W 40 1 3 002 1487618999494
W 40 1 3 003 1487619003538
W 40 1 3 004 1487619008854
W 40 1 3 005 1487619013481
W 40 1 3 006 1487619017238
W 40 1 3 007 1487619021040
W 40 1 3 008 1487619025414
W 40 1 3 009 1487619030051
***
R 40 1 4 000 1487619203124
R 40 1 4 001 1487619208199
R 40 1 4 002 1487619211088
R 40 1 4 003 1487619217159
R 40 1 4 004 1487619221433
R 40 1 4 005 1487619202551
R 40 1 4 006 1487619202765
R 40 1 4 007 1487619207092
R 40 1 4 008 1487619201228
R 40 1 4 009 1487619219554
---
W 40 1 4 000 1487619199441
W 40 1 4 001 1487619204631
W 40 1 4 002 1487619209768
W 40 1 4 003 1487619214849
W 40 1 4 004 1487619218193
W 40 1 4 005 1487619222530
W 40 1 4 006 1487619224414
W 40 1 4 007 1487619225735
W 40 1 4 008 1487619227003
W 40 1 4 009 1487619228355
***
R 50 1 1 000 1487619429819
R 50 1 1 001 1487619432003
R 50 1 1 002 1487619440112
R 50 1 1 003 1487619450352
R 50 1 1 004 1487619432469
R 50 1 1 005 1487619435088
R 50 1 1 006 1487619438656
R 50 1 1 007 1487619432968
R 50 1 1 008 1487619445871
R 50 1 1 009 1487619480500
---
W 50 1 1 000 1487619426609
W 50 1 1 001 1487619432051
W 50 1 1 002 1487619438155
W 50 1 1 003 1487619444500
W 50 1 1 004 1487619451131
W 50 1 1 005 1487619457267
W 50 1 1 006 1487619463059
W 50 1 1 007 1487619469859
W 50 1 1 008 1487619474203
W 50 1 1 009 1487619478749
***
R 50 1 2 000 1487619684503
R 50 1 2 001 1487619682779
R 50 1 2 002 1487619683800
R 50 1 2 003 1487619688436
R 50 1 2 004 1487619707196
R 50 1 2 005 1487619685896
R 50 1 2 006 1487619693516
R 50 1 2 007 1487619684023
R 50 1 2 008 1487619728448
R 50 1 2 009 1487619683800
---
W 50 1 2 000 1487619680864
W 50 1 2 001 1487619686353
W 50 1 2 002 1487619690978
W 50 1 2 003 1487619696784
W 50 1 2 004 1487619703199
W 50 1 2 005 1487619709002
W 50 1 2 006 1487619713410
W 50 1 2 007 1487619718782
W 50 1 2 008 1487619723649
W 50 1 2 009 1487619730186
***
R 50 1 3 000 1487619935728
R 50 1 3 001 1487619941291
R 50 1 3 002 1487619948005
R 50 1 3 003 1487619953844
R 50 1 3 004 1487619961220
R 50 1 3 005 1487619934206
R 50 1 3 006 1487619973804
R 50 1 3 007 1487619979995
R 50 1 3 008 1487619983592
R 50 1 3 009 1487619934493
---
W 50 1 3 000 1487619931477
W 50 1 3 001 1487619937657
W 50 1 3 002 1487619942811
W 50 1 3 003 1487619949663
W 50 1 3 004 1487619955250
W 50 1 3 005 1487619962875
W 50 1 3 006 1487619969596
W 50 1 3 007 1487619974715
W 50 1 3 008 1487619981085
W 50 1 3 009 1487619985192
***
R 50 1 4 000 1487620193132
R 50 1 4 001 1487620200328
R 50 1 4 002 1487620207491
R 50 1 4 003 1487620208605
R 50 1 4 004 1487620193132
R 50 1 4 005 1487620197984
R 50 1 4 006 1487620212968
R 50 1 4 007 1487620198804
R 50 1 4 008 1487620202565
R 50 1 4 009 1487620220744
---
W 50 1 4 000 1487620188594
W 50 1 4 001 1487620195925
W 50 1 4 002 1487620202206
W 50 1 4 003 1487620207828
W 50 1 4 004 1487620214450
W 50 1 4 005 1487620220066
W 50 1 4 006 1487620223507
W 50 1 4 007 1487620225013
W 50 1 4 008 1487620226538
W 50 1 4 009 1487620227920
***
R 4 1 1 000 1492111988997
R 4 1 1 001 1492111991384
R 4 1 1 002 1492111993496
R 4 1 1 003 1492111995320
R 4 1 1 004 1492111997004
R 4 1 1 005 1492111999270
R 4 1 1 006 1492112001245
R 4 1 1 007 1492112003072
R 4 1 1 008 1492112005172
R 4 1 1 009 1492111990134
---
W 4 1 1 000 1492111987010
W 4 1 1 001 1492111990653
W 4 1 1 002 1492111992443
W 4 1 1 003 1492111994634
W 4 1 1 004 1492111996423
W 4 1 1 005 1492111998103
W 4 1 1 006 1492112000240
W 4 1 1 007 1492112002422
W 4 1 1 008 1492112004034
W 4 1 1 009 1492112006394
***
R 4 1 2 000 1492112056531
R 4 1 2 001 1492112059020
R 4 1 2 002 1492112060877
R 4 1 2 003 1492112063058
R 4 1 2 004 1492112065168
R 4 1 2 005 1492112067320
R 4 1 2 006 1492112069495
R 4 1 2 007 1492112071764
R 4 1 2 008 1492112073604
R 4 1 2 009 1492112075687
---
W 4 1 2 000 1492112054647
W 4 1 2 001 1492112058075
W 4 1 2 002 1492112060222
W 4 1 2 003 1492112062060
W 4 1 2 004 1492112064095
W 4 1 2 005 1492112066353
W 4 1 2 006 1492112068421
W 4 1 2 007 1492112070783
W 4 1 2 008 1492112072807
W 4 1 2 009 1492112074712
***
R 4 1 3 000 1492112126885
R 4 1 3 001 1492112129047
R 4 1 3 002 1492112130683
R 4 1 3 003 1492112132379
R 4 1 3 004 1492112134030
R 4 1 3 005 1492112135810
R 4 1 3 006 1492112137817
R 4 1 3 007 1492112139820
R 4 1 3 008 1492112142163
R 4 1 3 009 1492112144342
---
W 4 1 3 000 1492112124921
W 4 1 3 001 1492112128410
W 4 1 3 002 1492112130217
W 4 1 3 003 1492112131680
W 4 1 3 004 1492112133490
W 4 1 3 005 1492112135164
W 4 1 3 006 1492112136851
W 4 1 3 007 1492112138908
W 4 1 3 008 1492112141018
W 4 1 3 009 1492112143144
***
R 4 1 4 000 1492112195695
R 4 1 4 001 1492112197582
R 4 1 4 002 1492112199392
R 4 1 4 003 1492112201356
R 4 1 4 004 1492112203538
R 4 1 4 005 1492112205563
R 4 1 4 006 1492112207443
R 4 1 4 007 1492112209207
R 4 1 4 008 1492112211228
R 4 1 4 009 1492112213093
---
W 4 1 4 000 1492112193649
W 4 1 4 001 1492112197011
W 4 1 4 002 1492112198643
W 4 1 4 003 1492112200512
W 4 1 4 004 1492112202524
W 4 1 4 005 1492112204631
W 4 1 4 006 1492112206786
W 4 1 4 007 1492112208529
W 4 1 4 008 1492112210265
W 4 1 4 009 1492112212365
***
R 6 1 1 000 1492112271036
R 6 1 1 001 1492112273064
R 6 1 1 002 1492112275393
R 6 1 1 003 1492112277262
R 6 1 1 004 1492112279486
R 6 1 1 005 1492112281318
R 6 1 1 006 1492112281701
R 6 1 1 007 1492112285942
R 6 1 1 008 1492112275616
R 6 1 1 009 1492112290161
---
W 6 1 1 000 1492112268665
W 6 1 1 001 1492112272680
W 6 1 1 002 1492112274124
W 6 1 1 003 1492112276596
W 6 1 1 004 1492112278497
W 6 1 1 005 1492112280690
W 6 1 1 006 1492112282448
W 6 1 1 007 1492112284726
W 6 1 1 008 1492112287002
W 6 1 1 009 1492112289407
***
R 6 1 2 000 1492112349640
R 6 1 2 001 1492112351599
R 6 1 2 002 1492112353390
R 6 1 2 003 1492112356011
R 6 1 2 004 1492112358247
R 6 1 2 005 1492112360467
R 6 1 2 006 1492112362641
R 6 1 2 007 1492112364573
R 6 1 2 008 1492112366773
R 6 1 2 009 1492112349254
---
W 6 1 2 000 1492112347206
W 6 1 2 001 1492112351145
W 6 1 2 002 1492112352604
W 6 1 2 003 1492112354521
W 6 1 2 004 1492112357127
W 6 1 2 005 1492112359443
W 6 1 2 006 1492112361623
W 6 1 2 007 1492112363779
W 6 1 2 008 1492112365677
W 6 1 2 009 1492112368027
***
R 6 1 3 000 1492112426037
R 6 1 3 001 1492112427845
R 6 1 3 002 1492112429779
R 6 1 3 003 1492112432186
R 6 1 3 004 1492112434761
R 6 1 3 005 1492112436617
R 6 1 3 006 1492112438506
R 6 1 3 007 1492112439434
R 6 1 3 008 1492112439112
R 6 1 3 009 1492112443732
---
W 6 1 3 000 1492112423391
W 6 1 3 001 1492112427441
W 6 1 3 002 1492112428871
W 6 1 3 003 1492112430927
W 6 1 3 004 1492112433410
W 6 1 3 005 1492112435826
W 6 1 3 006 1492112437674
W 6 1 3 007 1492112439593
W 6 1 3 008 1492112441369
W 6 1 3 009 1492112443157
***
R 6 1 4 000 1492112503047
R 6 1 4 001 1492112504907
R 6 1 4 002 1492112506903
R 6 1 4 003 1492112509100
R 6 1 4 004 1492112511128
R 6 1 4 005 1492112513213
R 6 1 4 006 1492112515512
R 6 1 4 007 1492112518019
R 6 1 4 008 1492112520390
R 6 1 4 009 1492112522526
---
W 6 1 4 000 1492112500709
W 6 1 4 001 1492112504415
W 6 1 4 002 1492112505963
W 6 1 4 003 1492112508052
W 6 1 4 004 1492112510233
W 6 1 4 005 1492112512135
W 6 1 4 006 1492112514286
W 6 1 4 007 1492112516674
W 6 1 4 008 1492112519086
W 6 1 4 009 1492112521565
***
R 8 1 1 000 1492112587396
R 8 1 1 001 1492112585985
R 8 1 1 002 1492112591786
R 8 1 1 003 1492112594058
R 8 1 1 004 1492112596264
R 8 1 1 005 1492112598324
R 8 1 1 006 1492112601018
R 8 1 1 007 1492112604147
R 8 1 1 008 1492112594602
R 8 1 1 009 1492112609616
---
W 8 1 1 000 1492112584759
W 8 1 1 001 1492112589065
W 8 1 1 002 1492112590893
W 8 1 1 003 1492112592911
W 8 1 1 004 1492112595065
W 8 1 1 005 1492112597346
W 8 1 1 006 1492112599631
W 8 1 1 007 1492112602146
W 8 1 1 008 1492112605307
W 8 1 1 009 1492112608260
***
R 8 1 2 000 1492112676691
R 8 1 2 001 1492112679094
R 8 1 2 002 1492112681048
R 8 1 2 003 1492112682937
R 8 1 2 004 1492112684710
R 8 1 2 005 1492112686639
R 8 1 2 006 1492112689013
R 8 1 2 007 1492112689819
R 8 1 2 008 1492112691560
R 8 1 2 009 1492112696357
---
W 8 1 2 000 1492112673660
W 8 1 2 001 1492112678125
W 8 1 2 002 1492112680319
W 8 1 2 003 1492112682108
W 8 1 2 004 1492112684160
W 8 1 2 005 1492112685817
W 8 1 2 006 1492112687841
W 8 1 2 007 1492112690045
W 8 1 2 008 1492112691943
W 8 1 2 009 1492112694840
***
R 8 1 3 000 1492112762417
R 8 1 3 001 1492112764996
R 8 1 3 002 1492112766856
R 8 1 3 003 1492112768762
R 8 1 3 004 1492112770819
R 8 1 3 005 1492112772542
R 8 1 3 006 1492112765963
R 8 1 3 007 1492112776545
R 8 1 3 008 1492112778587
R 8 1 3 009 1492112768372
---
W 8 1 3 000 1492112759767
W 8 1 3 001 1492112764102
W 8 1 3 002 1492112766036
W 8 1 3 003 1492112767854
W 8 1 3 004 1492112769839
W 8 1 3 005 1492112772004
W 8 1 3 006 1492112773551
W 8 1 3 007 1492112775686
W 8 1 3 008 1492112777692
W 8 1 3 009 1492112779798
***
R 8 1 4 000 1492112844610
R 8 1 4 001 1492112847062
R 8 1 4 002 1492112849440
R 8 1 4 003 1492112851600
R 8 1 4 004 1492112854273
R 8 1 4 005 1492112856559
R 8 1 4 006 1492112858519
R 8 1 4 007 1492112861078
R 8 1 4 008 1492112863640
R 8 1 4 009 1492112866265
---
W 8 1 4 000 1492112842201
W 8 1 4 001 1492112846274
W 8 1 4 002 1492112848264
W 8 1 4 003 1492112850715
W 8 1 4 004 1492112852706
W 8 1 4 005 1492112855679
W 8 1 4 006 1492112857590
W 8 1 4 007 1492112859597
W 8 1 4 008 1492112862223
W 8 1 4 009 1492112864805
***
R 11 1 1 000 1492112943374
R 11 1 1 001 1492112946172
R 11 1 1 002 1492112949168
R 11 1 1 003 1492112951608
R 11 1 1 004 1492112954296
R 11 1 1 005 1492112957380
R 11 1 1 006 1492112960050
R 11 1 1 007 1492112945403
R 11 1 1 008 1492112943671
R 11 1 1 009 1492112947485
---
W 11 1 1 000 1492112940905
W 11 1 1 001 1492112945104
W 11 1 1 002 1492112947301
W 11 1 1 003 1492112950257
W 11 1 1 004 1492112952964
W 11 1 1 005 1492112955523
W 11 1 1 006 1492112958507
W 11 1 1 007 1492112961257
W 11 1 1 008 1492112963143
W 11 1 1 009 1492112964550
***
R 11 1 2 000 1492113036308
R 11 1 2 001 1492113039095
R 11 1 2 002 1492113041259
R 11 1 2 003 1492113043745
R 11 1 2 004 1492113046439
R 11 1 2 005 1492113048823
R 11 1 2 006 1492113040810
R 11 1 2 007 1492113054397
R 11 1 2 008 1492113044936
R 11 1 2 009 1492113059151
---
W 11 1 2 000 1492113033235
W 11 1 2 001 1492113037990
W 11 1 2 002 1492113040385
W 11 1 2 003 1492113042297
W 11 1 2 004 1492113044945
W 11 1 2 005 1492113047671
W 11 1 2 006 1492113049894
W 11 1 2 007 1492113052709
W 11 1 2 008 1492113055438
W 11 1 2 009 1492113057902
***
R 11 1 3 000 1492113135018
R 11 1 3 001 1492113137622
R 11 1 3 002 1492113139487
R 11 1 3 003 1492113141871
R 11 1 3 004 1492113144426
R 11 1 3 005 1492113147011
R 11 1 3 006 1492113149062
R 11 1 3 007 1492113152396
R 11 1 3 008 1492113138301
R 11 1 3 009 1492113149538
---
W 11 1 3 000 1492113132561
W 11 1 3 001 1492113136836
W 11 1 3 002 1492113138699
W 11 1 3 003 1492113140546
W 11 1 3 004 1492113143225
W 11 1 3 005 1492113145887
W 11 1 3 006 1492113148125
W 11 1 3 007 1492113150574
W 11 1 3 008 1492113153936
W 11 1 3 009 1492113156017
***
R 11 1 4 000 1492113231905
R 11 1 4 001 1492113234244
R 11 1 4 002 1492113236739
R 11 1 4 003 1492113238757
R 11 1 4 004 1492113241556
R 11 1 4 005 1492113244293
R 11 1 4 006 1492113246810
R 11 1 4 007 1492113249691
R 11 1 4 008 1492113252781
R 11 1 4 009 1492113234425
---
W 11 1 4 000 1492113229103
W 11 1 4 001 1492113233460
W 11 1 4 002 1492113235447
W 11 1 4 003 1492113237813
W 11 1 4 004 1492113239773
W 11 1 4 005 1492113242890
W 11 1 4 006 1492113245420
W 11 1 4 007 1492113248184
W 11 1 4 008 1492113250964
W 11 1 4 009 1492113254195
***
R 12 1 1 000 1492113331529
R 12 1 1 001 1492113334206
R 12 1 1 002 1492113336507
R 12 1 1 003 1492113332881
R 12 1 1 004 1492113342937
R 12 1 1 005 1492113345562
R 12 1 1 006 1492113340791
R 12 1 1 007 1492113350616
R 12 1 1 008 1492113341629
R 12 1 1 009 1492113356429
---
W 12 1 1 000 1492113328909
W 12 1 1 001 1492113333453
W 12 1 1 002 1492113335335
W 12 1 1 003 1492113337531
W 12 1 1 004 1492113341273
W 12 1 1 005 1492113344163
W 12 1 1 006 1492113346679
W 12 1 1 007 1492113349246
W 12 1 1 008 1492113351837
W 12 1 1 009 1492113354474
***
R 12 1 2 000 1492113437714
R 12 1 2 001 1492113440033
R 12 1 2 002 1492113442787
R 12 1 2 003 1492113445157
R 12 1 2 004 1492113448013
R 12 1 2 005 1492113441277
R 12 1 2 006 1492113453844
R 12 1 2 007 1492113436904
R 12 1 2 008 1492113439496
R 12 1 2 009 1492113462259
---
W 12 1 2 000 1492113434632
W 12 1 2 001 1492113439621
W 12 1 2 002 1492113441101
W 12 1 2 003 1492113443887
W 12 1 2 004 1492113446330
W 12 1 2 005 1492113448987
W 12 1 2 006 1492113451636
W 12 1 2 007 1492113454830
W 12 1 2 008 1492113457659
W 12 1 2 009 1492113460738
***
R 12 1 3 000 1492113541379
R 12 1 3 001 1492113544643
R 12 1 3 002 1492113547090
R 12 1 3 003 1492113550221
R 12 1 3 004 1492113546015
R 12 1 3 005 1492113556015
R 12 1 3 006 1492113558744
R 12 1 3 007 1492113544050
R 12 1 3 008 1492113564052
R 12 1 3 009 1492113566762
---
W 12 1 3 000 1492113538467
W 12 1 3 001 1492113543323
W 12 1 3 002 1492113545761
W 12 1 3 003 1492113548217
W 12 1 3 004 1492113551426
W 12 1 3 005 1492113553991
W 12 1 3 006 1492113557207
W 12 1 3 007 1492113560158
W 12 1 3 008 1492113562846
W 12 1 3 009 1492113565148
***
R 12 1 4 000 1492113645864
R 12 1 4 001 1492113648311
R 12 1 4 002 1492113646406
R 12 1 4 003 1492113653568
R 12 1 4 004 1492113656211
R 12 1 4 005 1492113659567
R 12 1 4 006 1492113662463
R 12 1 4 007 1492113664671
R 12 1 4 008 1492113667509
R 12 1 4 009 1492113646203
---
W 12 1 4 000 1492113643587
W 12 1 4 001 1492113647569
W 12 1 4 002 1492113649348
W 12 1 4 003 1492113651714
W 12 1 4 004 1492113654659
W 12 1 4 005 1492113657436
W 12 1 4 006 1492113660758
W 12 1 4 007 1492113663535
W 12 1 4 008 1492113665938
W 12 1 4 009 1492113668775
***
R 13 1 1 000 1492113749749
R 13 1 1 001 1492113753297
R 13 1 1 002 1492113756215
R 13 1 1 003 1492113749910
R 13 1 1 004 1492113763024
R 13 1 1 005 1492113766155
R 13 1 1 006 1492113751684
R 13 1 1 007 1492113770940
R 13 1 1 008 1492113773175
R 13 1 1 009 1492113760592
---
W 13 1 1 000 1492113746813
W 13 1 1 001 1492113751643
W 13 1 1 002 1492113754652
W 13 1 1 003 1492113757336
W 13 1 1 004 1492113761627
W 13 1 1 005 1492113764239
W 13 1 1 006 1492113767244
W 13 1 1 007 1492113769724
W 13 1 1 008 1492113771993
W 13 1 1 009 1492113774486
***
R 13 1 2 000 1492113856094
R 13 1 2 001 1492113858812
R 13 1 2 002 1492113860857
R 13 1 2 003 1492113864168
R 13 1 2 004 1492113867867
R 13 1 2 005 1492113870589
R 13 1 2 006 1492113865031
R 13 1 2 007 1492113876118
R 13 1 2 008 1492113878646
R 13 1 2 009 1492113880980
---
W 13 1 2 000 1492113852900
W 13 1 2 001 1492113857639
W 13 1 2 002 1492113860026
W 13 1 2 003 1492113861991
W 13 1 2 004 1492113865415
W 13 1 2 005 1492113868885
W 13 1 2 006 1492113871730
W 13 1 2 007 1492113874259
W 13 1 2 008 1492113877315
W 13 1 2 009 1492113879330
***
R 13 1 3 000 1492113964201
R 13 1 3 001 1492113967243
R 13 1 3 002 1492113969781
R 13 1 3 003 1492113972301
R 13 1 3 004 1492113974672
R 13 1 3 005 1492113978364
R 13 1 3 006 1492113980931
R 13 1 3 007 1492113967688
R 13 1 3 008 1492113987063
R 13 1 3 009 1492113989744
---
W 13 1 3 000 1492113961996
W 13 1 3 001 1492113966042
W 13 1 3 002 1492113968589
W 13 1 3 003 1492113970929
W 13 1 3 004 1492113973501
W 13 1 3 005 1492113975815
W 13 1 3 006 1492113979407
W 13 1 3 007 1492113981956
W 13 1 3 008 1492113985418
W 13 1 3 009 1492113988282
***
R 13 1 4 000 1492114072703
R 13 1 4 001 1492114075968
R 13 1 4 002 1492114078864
R 13 1 4 003 1492114082107
R 13 1 4 004 1492114085287
R 13 1 4 005 1492114087731
R 13 1 4 006 1492114090667
R 13 1 4 007 1492114085769
R 13 1 4 008 1492114095961
R 13 1 4 009 1492114097961
---
W 13 1 4 000 1492114070285
W 13 1 4 001 1492114074695
W 13 1 4 002 1492114077291
W 13 1 4 003 1492114080214
W 13 1 4 004 1492114083210
W 13 1 4 005 1492114086463
W 13 1 4 006 1492114089071
W 13 1 4 007 1492114091876
W 13 1 4 008 1492114094727
W 13 1 4 009 1492114096994
***
R 14 1 1 000 1492114185228
R 14 1 1 001 1492114188739
R 14 1 1 002 1492114192318
R 14 1 1 003 1492114196764
R 14 1 1 004 1492114200396
R 14 1 1 005 1492114203190
R 14 1 1 006 1492114200396
R 14 1 1 007 1492114194352
R 14 1 1 008 1492114211172
R 14 1 1 009 1492114213704
---
W 14 1 1 000 1492114182159
W 14 1 1 001 1492114186980
W 14 1 1 002 1492114189807
W 14 1 1 003 1492114193586
W 14 1 1 004 1492114198049
W 14 1 1 005 1492114201526
W 14 1 1 006 1492114204406
W 14 1 1 007 1492114207374
W 14 1 1 008 1492114209684
W 14 1 1 009 1492114212115
***
R 14 1 2 000 1492114298758
R 14 1 2 001 1492114302678
R 14 1 2 002 1492114306199
R 14 1 2 003 1492114308694
R 14 1 2 004 1492114311575
R 14 1 2 005 1492114314964
R 14 1 2 006 1492114317578
R 14 1 2 007 1492114320374
R 14 1 2 008 1492114322495
R 14 1 2 009 1492114324986
---
W 14 1 2 000 1492114295893
W 14 1 2 001 1492114300895
W 14 1 2 002 1492114304010
W 14 1 2 003 1492114307423
W 14 1 2 004 1492114309596
W 14 1 2 005 1492114312442
W 14 1 2 006 1492114316040
W 14 1 2 007 1492114318716
W 14 1 2 008 1492114321311
W 14 1 2 009 1492114323586
***
R 14 1 3 000 1492114411868
R 14 1 3 001 1492114415760
R 14 1 3 002 1492114416389
R 14 1 3 003 1492114422387
R 14 1 3 004 1492114425748
R 14 1 3 005 1492114428636
R 14 1 3 006 1492114431304
R 14 1 3 007 1492114434345
R 14 1 3 008 1492114436736
R 14 1 3 009 1492114439477
---
W 14 1 3 000 1492114408679
W 14 1 3 001 1492114413783
W 14 1 3 002 1492114416946
W 14 1 3 003 1492114419847
W 14 1 3 004 1492114423688
W 14 1 3 005 1492114427120
W 14 1 3 006 1492114429865
W 14 1 3 007 1492114432848
W 14 1 3 008 1492114435308
W 14 1 3 009 1492114437882
***
R 14 1 4 000 1492114524485
R 14 1 4 001 1492114529513
R 14 1 4 002 1492114526970
R 14 1 4 003 1492114524086
R 14 1 4 004 1492114538207
R 14 1 4 005 1492114540909
R 14 1 4 006 1492114542846
R 14 1 4 007 1492114545163
R 14 1 4 008 1492114541725
R 14 1 4 009 1492114526716
---
W 14 1 4 000 1492114521828
W 14 1 4 001 1492114526895
W 14 1 4 002 1492114530997
W 14 1 4 003 1492114533433
W 14 1 4 004 1492114536245
W 14 1 4 005 1492114539390
W 14 1 4 006 1492114541722
W 14 1 4 007 1492114544033
W 14 1 4 008 1492114546190
W 14 1 4 009 1492114547820
***
R 15 1 1 000 1492114633678
R 15 1 1 001 1492114636988
R 15 1 1 002 1492114639460
R 15 1 1 003 1492114635728
R 15 1 1 004 1492114644794
R 15 1 1 005 1492114647527
R 15 1 1 006 1492114650676
R 15 1 1 007 1492114652921
R 15 1 1 008 1492114655408
R 15 1 1 009 1492114636988
---
W 15 1 1 000 1492114631260
W 15 1 1 001 1492114635286
W 15 1 1 002 1492114638389
W 15 1 1 003 1492114640800
W 15 1 1 004 1492114643368
W 15 1 1 005 1492114645884
W 15 1 1 006 1492114648892
W 15 1 1 007 1492114651733
W 15 1 1 008 1492114654068
W 15 1 1 009 1492114656382
***
R 15 1 2 000 1492114745428
R 15 1 2 001 1492114748568
R 15 1 2 002 1492114751289
R 15 1 2 003 1492114755271
R 15 1 2 004 1492114758663
R 15 1 2 005 1492114752309
R 15 1 2 006 1492114764932
R 15 1 2 007 1492114755696
R 15 1 2 008 1492114758708
R 15 1 2 009 1492114770800
---
W 15 1 2 000 1492114742470
W 15 1 2 001 1492114747380
W 15 1 2 002 1492114750168
W 15 1 2 003 1492114752599
W 15 1 2 004 1492114756460
W 15 1 2 005 1492114759685
W 15 1 2 006 1492114763097
W 15 1 2 007 1492114766075
W 15 1 2 008 1492114768829
W 15 1 2 009 1492114771772
***
R 15 1 3 000 1492114861742
R 15 1 3 001 1492114864829
R 15 1 3 002 1492114867276
R 15 1 3 003 1492114869474
R 15 1 3 004 1492114866569
R 15 1 3 005 1492114870482
R 15 1 3 006 1492114877535
R 15 1 3 007 1492114864566
R 15 1 3 008 1492114862131
R 15 1 3 009 1492114884739
---
W 15 1 3 000 1492114857578
W 15 1 3 001 1492114863487
W 15 1 3 002 1492114866018
W 15 1 3 003 1492114868371
W 15 1 3 004 1492114870826
W 15 1 3 005 1492114873571
W 15 1 3 006 1492114876186
W 15 1 3 007 1492114878640
W 15 1 3 008 1492114881078
W 15 1 3 009 1492114883439
***
R 15 1 4 000 1492114974056
R 15 1 4 001 1492114977921
R 15 1 4 002 1492114977779
R 15 1 4 003 1492114983159
R 15 1 4 004 1492114986239
R 15 1 4 005 1492114989120
R 15 1 4 006 1492114991176
R 15 1 4 007 1492114993752
R 15 1 4 008 1492114996181
R 15 1 4 009 1492114998752
---
W 15 1 4 000 1492114971063
W 15 1 4 001 1492114976080
W 15 1 4 002 1492114979127
W 15 1 4 003 1492114981770
W 15 1 4 004 1492114984283
W 15 1 4 005 1492114987265
W 15 1 4 006 1492114990353
W 15 1 4 007 1492114992795
W 15 1 4 008 1492114994960
W 15 1 4 009 1492114997436
***
R 16 1 1 000 1492115090857
R 16 1 1 001 1492115093941
R 16 1 1 002 1492115096766
R 16 1 1 003 1492115099955
R 16 1 1 004 1492115102280
R 16 1 1 005 1492115105569
R 16 1 1 006 1492115090262
R 16 1 1 007 1492115092408
R 16 1 1 008 1492115114440
R 16 1 1 009 1492115115242
---
W 16 1 1 000 1492115087920
W 16 1 1 001 1492115092621
W 16 1 1 002 1492115095413
W 16 1 1 003 1492115098100
W 16 1 1 004 1492115101141
W 16 1 1 005 1492115103725
W 16 1 1 006 1492115106538
W 16 1 1 007 1492115109139
W 16 1 1 008 1492115112074
W 16 1 1 009 1492115115594
***
R 16 1 2 000 1492115209259
R 16 1 2 001 1492115212316
R 16 1 2 002 1492115214271
R 16 1 2 003 1492115216783
R 16 1 2 004 1492115219427
R 16 1 2 005 1492115221723
R 16 1 2 006 1492115224024
R 16 1 2 007 1492115226652
R 16 1 2 008 1492115228590
R 16 1 2 009 1492115209027
---
W 16 1 2 000 1492115205895
W 16 1 2 001 1492115210972
W 16 1 2 002 1492115213231
W 16 1 2 003 1492115215547
W 16 1 2 004 1492115217848
W 16 1 2 005 1492115220555
W 16 1 2 006 1492115222833
W 16 1 2 007 1492115225355
W 16 1 2 008 1492115227568
W 16 1 2 009 1492115229657
***
R 16 1 3 000 1492115320916
R 16 1 3 001 1492115324837
R 16 1 3 002 1492115327242
R 16 1 3 003 1492115322779
R 16 1 3 004 1492115334067
R 16 1 3 005 1492115337343
R 16 1 3 006 1492115339447
R 16 1 3 007 1492115333145
R 16 1 3 008 1492115340980
R 16 1 3 009 1492115322734
---
W 16 1 3 000 1492115317863
W 16 1 3 001 1492115322797
W 16 1 3 002 1492115325739
W 16 1 3 003 1492115328655
W 16 1 3 004 1492115331567
W 16 1 3 005 1492115335473
W 16 1 3 006 1492115338258
W 16 1 3 007 1492115340587
W 16 1 3 008 1492115343333
W 16 1 3 009 1492115344740
***
R 16 1 4 000 1492115434356
R 16 1 4 001 1492115437827
R 16 1 4 002 1492115432039
R 16 1 4 003 1492115442851
R 16 1 4 004 1492115445905
R 16 1 4 005 1492115448283
R 16 1 4 006 1492115450548
R 16 1 4 007 1492115447254
R 16 1 4 008 1492115455592
R 16 1 4 009 1492115438706
---
W 16 1 4 000 1492115431328
W 16 1 4 001 1492115436435
W 16 1 4 002 1492115438941
W 16 1 4 003 1492115441349
W 16 1 4 004 1492115444290
W 16 1 4 005 1492115446941
W 16 1 4 006 1492115449411
W 16 1 4 007 1492115451549
W 16 1 4 008 1492115454307
W 16 1 4 009 1492115456727
***
R 17 1 1 000 1492115553957
R 17 1 1 001 1492115557252
R 17 1 1 002 1492115559711
R 17 1 1 003 1492115562675
R 17 1 1 004 1492115565120
R 17 1 1 005 1492115567659
R 17 1 1 006 1492115569927
R 17 1 1 007 1492115560018
R 17 1 1 008 1492115574432
R 17 1 1 009 1492115576949
---
W 17 1 1 000 1492115550692
W 17 1 1 001 1492115555937
W 17 1 1 002 1492115558401
W 17 1 1 003 1492115561151
W 17 1 1 004 1492115563970
W 17 1 1 005 1492115566401
W 17 1 1 006 1492115568727
W 17 1 1 007 1492115571167
W 17 1 1 008 1492115573157
W 17 1 1 009 1492115575694
***
R 17 1 2 000 1492115672656
R 17 1 2 001 1492115673771
R 17 1 2 002 1492115679156
R 17 1 2 003 1492115681383
R 17 1 2 004 1492115684313
R 17 1 2 005 1492115687173
R 17 1 2 006 1492115682421
R 17 1 2 007 1492115685572
R 17 1 2 008 1492115695447
R 17 1 2 009 1492115685159
---
W 17 1 2 000 1492115668767
W 17 1 2 001 1492115674430
W 17 1 2 002 1492115677464
W 17 1 2 003 1492115680126
W 17 1 2 004 1492115682641
W 17 1 2 005 1492115685672
W 17 1 2 006 1492115688372
W 17 1 2 007 1492115691329
W 17 1 2 008 1492115693729
W 17 1 2 009 1492115696415
***
R 17 1 3 000 1492115791145
R 17 1 3 001 1492115794216
R 17 1 3 002 1492115797785
R 17 1 3 003 1492115790826
R 17 1 3 004 1492115803033
R 17 1 3 005 1492115797083
R 17 1 3 006 1492115795579
R 17 1 3 007 1492115811468
R 17 1 3 008 1492115813252
R 17 1 3 009 1492115793715
---
W 17 1 3 000 1492115787876
W 17 1 3 001 1492115792740
W 17 1 3 002 1492115795483
W 17 1 3 003 1492115799001
W 17 1 3 004 1492115801832
W 17 1 3 005 1492115804320
W 17 1 3 006 1492115807144
W 17 1 3 007 1492115810151
W 17 1 3 008 1492115812493
W 17 1 3 009 1492115814457
***
R 17 1 4 000 1492115909885
R 17 1 4 001 1492115912733
R 17 1 4 002 1492115915913
R 17 1 4 003 1492115918477
R 17 1 4 004 1492115922091
R 17 1 4 005 1492115920057
R 17 1 4 006 1492115927205
R 17 1 4 007 1492115929632
R 17 1 4 008 1492115914255
R 17 1 4 009 1492115933981
---
W 17 1 4 000 1492115906744
W 17 1 4 001 1492115911513
W 17 1 4 002 1492115914006
W 17 1 4 003 1492115917361
W 17 1 4 004 1492115919739
W 17 1 4 005 1492115923061
W 17 1 4 006 1492115925659
W 17 1 4 007 1492115928170
W 17 1 4 008 1492115930603
W 17 1 4 009 1492115932777
***
R 18 1 1 000 1492116033440
R 18 1 1 001 1492116034737
R 18 1 1 002 1492116039876
R 18 1 1 003 1492116042531
R 18 1 1 004 1492116046023
R 18 1 1 005 1492116038383
R 18 1 1 006 1492116051353
R 18 1 1 007 1492116053635
R 18 1 1 008 1492116056019
R 18 1 1 009 1492116059013
---
W 18 1 1 000 1492116029717
W 18 1 1 001 1492116035471
W 18 1 1 002 1492116038325
W 18 1 1 003 1492116040973
W 18 1 1 004 1492116043857
W 18 1 1 005 1492116047132
W 18 1 1 006 1492116049546
W 18 1 1 007 1492116052536
W 18 1 1 008 1492116054798
W 18 1 1 009 1492116057235
***
R 18 1 2 000 1492116157149
R 18 1 2 001 1492116158490
R 18 1 2 002 1492116164169
R 18 1 2 003 1492116166879
R 18 1 2 004 1492116169870
R 18 1 2 005 1492116172369
R 18 1 2 006 1492116175135
R 18 1 2 007 1492116164476
R 18 1 2 008 1492116171785
R 18 1 2 009 1492116175940
---
W 18 1 2 000 1492116154486
W 18 1 2 001 1492116159019
W 18 1 2 002 1492116162071
W 18 1 2 003 1492116165372
W 18 1 2 004 1492116168073
W 18 1 2 005 1492116170947
W 18 1 2 006 1492116173459
W 18 1 2 007 1492116176245
W 18 1 2 008 1492116178637
W 18 1 2 009 1492116180154
***
R 18 1 3 000 1492116276021
R 18 1 3 001 1492116279553
R 18 1 3 002 1492116275796
R 18 1 3 003 1492116285523
R 18 1 3 004 1492116288120
R 18 1 3 005 1492116290569
R 18 1 3 006 1492116292788
R 18 1 3 007 1492116295355
R 18 1 3 008 1492116296988
R 18 1 3 009 1492116279019
---
W 18 1 3 000 1492116272740
W 18 1 3 001 1492116277661
W 18 1 3 002 1492116280690
W 18 1 3 003 1492116283409
W 18 1 3 004 1492116286496
W 18 1 3 005 1492116289362
W 18 1 3 006 1492116291739
W 18 1 3 007 1492116293843
W 18 1 3 008 1492116296534
W 18 1 3 009 1492116299043
***
R 18 1 4 000 1492116396418
R 18 1 4 001 1492116400568
R 18 1 4 002 1492116402723
R 18 1 4 003 1492116405083
R 18 1 4 004 1492116405998
R 18 1 4 005 1492116402176
R 18 1 4 006 1492116413264
R 18 1 4 007 1492116415631
R 18 1 4 008 1492116418124
R 18 1 4 009 1492116420255
---
W 18 1 4 000 1492116393174
W 18 1 4 001 1492116398491
W 18 1 4 002 1492116401720
W 18 1 4 003 1492116403963
W 18 1 4 004 1492116406231
W 18 1 4 005 1492116408571
W 18 1 4 006 1492116411463
W 18 1 4 007 1492116414241
W 18 1 4 008 1492116417149
W 18 1 4 009 1492116419330
***
R 21 1 1 000 1492116529293
R 21 1 1 001 1492116533253
R 21 1 1 002 1492116535671
R 21 1 1 003 1492116529293
R 21 1 1 004 1492116537731
R 21 1 1 005 1492116544582
R 21 1 1 006 1492116531813
R 21 1 1 007 1492116550484
R 21 1 1 008 1492116535820
R 21 1 1 009 1492116533635
---
W 21 1 1 000 1492116526184
W 21 1 1 001 1492116531184
W 21 1 1 002 1492116534305
W 21 1 1 003 1492116536890
W 21 1 1 004 1492116539871
W 21 1 1 005 1492116542779
W 21 1 1 006 1492116545799
W 21 1 1 007 1492116549035
W 21 1 1 008 1492116551615
W 21 1 1 009 1492116553387
***
R 21 1 2 000 1492116659902
R 21 1 2 001 1492116662997
R 21 1 2 002 1492116665299
R 21 1 2 003 1492116667881
R 21 1 2 004 1492116670692
R 21 1 2 005 1492116674451
R 21 1 2 006 1492116677198
R 21 1 2 007 1492116661341
R 21 1 2 008 1492116681992
R 21 1 2 009 1492116685090
---
W 21 1 2 000 1492116657381
W 21 1 2 001 1492116661988
W 21 1 2 002 1492116664098
W 21 1 2 003 1492116666559
W 21 1 2 004 1492116669110
W 21 1 2 005 1492116672037
W 21 1 2 006 1492116675613
W 21 1 2 007 1492116678488
W 21 1 2 008 1492116680874
W 21 1 2 009 1492116683083
***
R 21 1 3 000 1492116793051
R 21 1 3 001 1492116795616
R 21 1 3 002 1492116798259
R 21 1 3 003 1492116800455
R 21 1 3 004 1492116803549
R 21 1 3 005 1492116806194
R 21 1 3 006 1492116808956
R 21 1 3 007 1492116811508
R 21 1 3 008 1492116800455
R 21 1 3 009 1492116800289
---
W 21 1 3 000 1492116789986
W 21 1 3 001 1492116794475
W 21 1 3 002 1492116796674
W 21 1 3 003 1492116799320
W 21 1 3 004 1492116801961
W 21 1 3 005 1492116804744
W 21 1 3 006 1492116807251
W 21 1 3 007 1492116810123
W 21 1 3 008 1492116812590
W 21 1 3 009 1492116814711
***
R 21 1 4 000 1492116919895
R 21 1 4 001 1492116923156
R 21 1 4 002 1492116925860
R 21 1 4 003 1492116928992
R 21 1 4 004 1492116932483
R 21 1 4 005 1492116926898
R 21 1 4 006 1492116940709
R 21 1 4 007 1492116943427
R 21 1 4 008 1492116946871
R 21 1 4 009 1492116922435
---
W 21 1 4 000 1492116917671
W 21 1 4 001 1492116921891
W 21 1 4 002 1492116924156
W 21 1 4 003 1492116927035
W 21 1 4 004 1492116930268
W 21 1 4 005 1492116933711
W 21 1 4 006 1492116938090
W 21 1 4 007 1492116941571
W 21 1 4 008 1492116945011
W 21 1 4 009 1492116948082
***
R 22 1 1 000 1492117057971
R 22 1 1 001 1492117061314
R 22 1 1 002 1492117064055
R 22 1 1 003 1492117066704
R 22 1 1 004 1492117070122
R 22 1 1 005 1492117072426
R 22 1 1 006 1492117075397
R 22 1 1 007 1492117078980
R 22 1 1 008 1492117081747
R 22 1 1 009 1492117084575
---
W 22 1 1 000 1492117054517
W 22 1 1 001 1492117059811
W 22 1 1 002 1492117062497
W 22 1 1 003 1492117065290
W 22 1 1 004 1492117067867
W 22 1 1 005 1492117071070
W 22 1 1 006 1492117073667
W 22 1 1 007 1492117076396
W 22 1 1 008 1492117080088
W 22 1 1 009 1492117082700
***
R 22 1 2 000 1492117198199
R 22 1 2 001 1492117201735
R 22 1 2 002 1492117204527
R 22 1 2 003 1492117200449
R 22 1 2 004 1492117211270
R 22 1 2 005 1492117198388
R 22 1 2 006 1492117218109
R 22 1 2 007 1492117212703
R 22 1 2 008 1492117223648
R 22 1 2 009 1492117217037
---
W 22 1 2 000 1492117194913
W 22 1 2 001 1492117200008
W 22 1 2 002 1492117202945
W 22 1 2 003 1492117206174
W 22 1 2 004 1492117209252
W 22 1 2 005 1492117212862
W 22 1 2 006 1492117216072
W 22 1 2 007 1492117219368
W 22 1 2 008 1492117222194
W 22 1 2 009 1492117224925
***
R 22 1 3 000 1492117335125
R 22 1 3 001 1492117337959
R 22 1 3 002 1492117333983
R 22 1 3 003 1492117343433
R 22 1 3 004 1492117346339
R 22 1 3 005 1492117348779
R 22 1 3 006 1492117351127
R 22 1 3 007 1492117353819
R 22 1 3 008 1492117333219
R 22 1 3 009 1492117358820
---
W 22 1 3 000 1492117332274
W 22 1 3 001 1492117336813
W 22 1 3 002 1492117339139
W 22 1 3 003 1492117341577
W 22 1 3 004 1492117344752
W 22 1 3 005 1492117347533
W 22 1 3 006 1492117349790
W 22 1 3 007 1492117352307
W 22 1 3 008 1492117354980
W 22 1 3 009 1492117357111
***
R 22 1 4 000 1492117469829
R 22 1 4 001 1492117473019
R 22 1 4 002 1492117476227
R 22 1 4 003 1492117479500
R 22 1 4 004 1492117482574
R 22 1 4 005 1492117485194
R 22 1 4 006 1492117487534
R 22 1 4 007 1492117490186
R 22 1 4 008 1492117470846
R 22 1 4 009 1492117472500
---
W 22 1 4 000 1492117466706
W 22 1 4 001 1492117471435
W 22 1 4 002 1492117474228
W 22 1 4 003 1492117477338
W 22 1 4 004 1492117480783
W 22 1 4 005 1492117483646
W 22 1 4 006 1492117486316
W 22 1 4 007 1492117488751
W 22 1 4 008 1492117490998
W 22 1 4 009 1492117493087
***
R 23 1 1 000 1492117603319
R 23 1 1 001 1492117606016
R 23 1 1 002 1492117609051
R 23 1 1 003 1492117612203
R 23 1 1 004 1492117616283
R 23 1 1 005 1492117619140
R 23 1 1 006 1492117622461
R 23 1 1 007 1492117622461
R 23 1 1 008 1492117627718
R 23 1 1 009 1492117630584
---
W 23 1 1 000 1492117600428
W 23 1 1 001 1492117604908
W 23 1 1 002 1492117607275
W 23 1 1 003 1492117610244
W 23 1 1 004 1492117613600
W 23 1 1 005 1492117617514
W 23 1 1 006 1492117620491
W 23 1 1 007 1492117623438
W 23 1 1 008 1492117626237
W 23 1 1 009 1492117628746
***
R 23 1 2 000 1492117747890
R 23 1 2 001 1492117750488
R 23 1 2 002 1492117753311
R 23 1 2 003 1492117746643
R 23 1 2 004 1492117759465
R 23 1 2 005 1492117762352
R 23 1 2 006 1492117765638
R 23 1 2 007 1492117758039
R 23 1 2 008 1492117750756
R 23 1 2 009 1492117759113
---
W 23 1 2 000 1492117744474
W 23 1 2 001 1492117749681
W 23 1 2 002 1492117751683
W 23 1 2 003 1492117754627
W 23 1 2 004 1492117757155
W 23 1 2 005 1492117760445
W 23 1 2 006 1492117763748
W 23 1 2 007 1492117766608
W 23 1 2 008 1492117768635
W 23 1 2 009 1492117770083
***
R 23 1 3 000 1492117881332
R 23 1 3 001 1492117885784
R 23 1 3 002 1492117887526
R 23 1 3 003 1492117886424
R 23 1 3 004 1492117895147
R 23 1 3 005 1492117898964
R 23 1 3 006 1492117901335
R 23 1 3 007 1492117904539
R 23 1 3 008 1492117884728
R 23 1 3 009 1492117900468
---
W 23 1 3 000 1492117879073
W 23 1 3 001 1492117883789
W 23 1 3 002 1492117886807
W 23 1 3 003 1492117889172
W 23 1 3 004 1492117892511
W 23 1 3 005 1492117896367
W 23 1 3 006 1492117899773
W 23 1 3 007 1492117902413
W 23 1 3 008 1492117905594
W 23 1 3 009 1492117908019
***
R 23 1 4 000 1492118020614
R 23 1 4 001 1492118024468
R 23 1 4 002 1492118027719
R 23 1 4 003 1492118025462
R 23 1 4 004 1492118033982
R 23 1 4 005 1492118036920
R 23 1 4 006 1492118025462
R 23 1 4 007 1492118044587
R 23 1 4 008 1492118020060
R 23 1 4 009 1492118038109
---
W 23 1 4 000 1492118017557
W 23 1 4 001 1492118022400
W 23 1 4 002 1492118025460
W 23 1 4 003 1492118029552
W 23 1 4 004 1492118032892
W 23 1 4 005 1492118034987
W 23 1 4 006 1492118038181
W 23 1 4 007 1492118042189
W 23 1 4 008 1492118046201
W 23 1 4 009 1492118047968
***
R 24 1 1 000 1492118163508
R 24 1 1 001 1492118166628
R 24 1 1 002 1492118169068
R 24 1 1 003 1492118165353
R 24 1 1 004 1492118175339
R 24 1 1 005 1492118177817
R 24 1 1 006 1492118180275
R 24 1 1 007 1492118182945
R 24 1 1 008 1492118185865
R 24 1 1 009 1492118184139
---
W 24 1 1 000 1492118160299
W 24 1 1 001 1492118165203
W 24 1 1 002 1492118167685
W 24 1 1 003 1492118170276
W 24 1 1 004 1492118174118
W 24 1 1 005 1492118176472
W 24 1 1 006 1492118178849
W 24 1 1 007 1492118181390
W 24 1 1 008 1492118184004
W 24 1 1 009 1492118187240
***
R 24 1 2 000 1492118308123
R 24 1 2 001 1492118309901
R 24 1 2 002 1492118315013
R 24 1 2 003 1492118318401
R 24 1 2 004 1492118321418
R 24 1 2 005 1492118325387
R 24 1 2 006 1492118328795
R 24 1 2 007 1492118319944
R 24 1 2 008 1492118334891
R 24 1 2 009 1492118337594
---
W 24 1 2 000 1492118305073
W 24 1 2 001 1492118309608
W 24 1 2 002 1492118312728
W 24 1 2 003 1492118315986
W 24 1 2 004 1492118319461
W 24 1 2 005 1492118322705
W 24 1 2 006 1492118326161
W 24 1 2 007 1492118329823
W 24 1 2 008 1492118333088
W 24 1 2 009 1492118336143
***
R 24 1 3 000 1492118457463
R 24 1 3 001 1492118460524
R 24 1 3 002 1492118465449
R 24 1 3 003 1492118468498
R 24 1 3 004 1492118462671
R 24 1 3 005 1492118474571
R 24 1 3 006 1492118476631
R 24 1 3 007 1492118478899
R 24 1 3 008 1492118459909
R 24 1 3 009 1492118484737
---
W 24 1 3 000 1492118453992
W 24 1 3 001 1492118458886
W 24 1 3 002 1492118462210
W 24 1 3 003 1492118466581
W 24 1 3 004 1492118469708
W 24 1 3 005 1492118472348
W 24 1 3 006 1492118475680
W 24 1 3 007 1492118477751
W 24 1 3 008 1492118480107
W 24 1 3 009 1492118482660
***
R 24 1 4 000 1492118603900
R 24 1 4 001 1492118607308
R 24 1 4 002 1492118610312
R 24 1 4 003 1492118613317
R 24 1 4 004 1492118616346
R 24 1 4 005 1492118618896
R 24 1 4 006 1492118603038
R 24 1 4 007 1492118611345
R 24 1 4 008 1492118612102
R 24 1 4 009 1492118604471
---
W 24 1 4 000 1492118600424
W 24 1 4 001 1492118605492
W 24 1 4 002 1492118608649
W 24 1 4 003 1492118611508
W 24 1 4 004 1492118614503
W 24 1 4 005 1492118617452
W 24 1 4 006 1492118620143
W 24 1 4 007 1492118622402
W 24 1 4 008 1492118623871
W 24 1 4 009 1492118625183
***
R 25 1 1 000 1492118742220
R 25 1 1 001 1492118745848
R 25 1 1 002 1492118749392
R 25 1 1 003 1492118753804
R 25 1 1 004 1492118753459
R 25 1 1 005 1492118759966
R 25 1 1 006 1492118763438
R 25 1 1 007 1492118759966
R 25 1 1 008 1492118769798
R 25 1 1 009 1492118744573
---
W 25 1 1 000 1492118739308
W 25 1 1 001 1492118743699
W 25 1 1 002 1492118747153
W 25 1 1 003 1492118750644
W 25 1 1 004 1492118754822
W 25 1 1 005 1492118757913
W 25 1 1 006 1492118761282
W 25 1 1 007 1492118764515
W 25 1 1 008 1492118767754
W 25 1 1 009 1492118771026
***
R 25 1 2 000 1492118891548
R 25 1 2 001 1492118892827
R 25 1 2 002 1492118898467
R 25 1 2 003 1492118892082
R 25 1 2 004 1492118904606
R 25 1 2 005 1492118908642
R 25 1 2 006 1492118911775
R 25 1 2 007 1492118902904
R 25 1 2 008 1492118892267
R 25 1 2 009 1492118896538
---
W 25 1 2 000 1492118888470
W 25 1 2 001 1492118892987
W 25 1 2 002 1492118896008
W 25 1 2 003 1492118899730
W 25 1 2 004 1492118902647
W 25 1 2 005 1492118905960
W 25 1 2 006 1492118909607
W 25 1 2 007 1492118913007
W 25 1 2 008 1492118915373
W 25 1 2 009 1492118916715
***
R 25 1 3 000 1492119035293
R 25 1 3 001 1492119038272
R 25 1 3 002 1492119041851
R 25 1 3 003 1492119045676
R 25 1 3 004 1492119049343
R 25 1 3 005 1492119051552
R 25 1 3 006 1492119055532
R 25 1 3 007 1492119047646
R 25 1 3 008 1492119034979
R 25 1 3 009 1492119041184
---
W 25 1 3 000 1492119032267
W 25 1 3 001 1492119036944
W 25 1 3 002 1492119039345
W 25 1 3 003 1492119042901
W 25 1 3 004 1492119046711
W 25 1 3 005 1492119050235
W 25 1 3 006 1492119052703
W 25 1 3 007 1492119056752
W 25 1 3 008 1492119058542
W 25 1 3 009 1492119059878
***
R 25 1 4 000 1492119177862
R 25 1 4 001 1492119181906
R 25 1 4 002 1492119185226
R 25 1 4 003 1492119186307
R 25 1 4 004 1492119191387
R 25 1 4 005 1492119194784
R 25 1 4 006 1492119179889
R 25 1 4 007 1492119202671
R 25 1 4 008 1492119182299
R 25 1 4 009 1492119196175
---
W 25 1 4 000 1492119174268
W 25 1 4 001 1492119179876
W 25 1 4 002 1492119183301
W 25 1 4 003 1492119186450
W 25 1 4 004 1492119189336
W 25 1 4 005 1492119192648
W 25 1 4 006 1492119195971
W 25 1 4 007 1492119200477
W 25 1 4 008 1492119203891
W 25 1 4 009 1492119206006
***
R 26 1 1 000 1492119331577
R 26 1 1 001 1492119335265
R 26 1 1 002 1492119337558
R 26 1 1 003 1492119340600
R 26 1 1 004 1492119343649
R 26 1 1 005 1492119346668
R 26 1 1 006 1492119332253
R 26 1 1 007 1492119352099
R 26 1 1 008 1492119355064
R 26 1 1 009 1492119357247
---
W 26 1 1 000 1492119328831
W 26 1 1 001 1492119333568
W 26 1 1 002 1492119336338
W 26 1 1 003 1492119338935
W 26 1 1 004 1492119342015
W 26 1 1 005 1492119344923
W 26 1 1 006 1492119347883
W 26 1 1 007 1492119350296
W 26 1 1 008 1492119353415
W 26 1 1 009 1492119356175
***
R 26 1 2 000 1492119482323
R 26 1 2 001 1492119482789
R 26 1 2 002 1492119488965
R 26 1 2 003 1492119492336
R 26 1 2 004 1492119496058
R 26 1 2 005 1492119481632
R 26 1 2 006 1492119501441
R 26 1 2 007 1492119504883
R 26 1 2 008 1492119508506
R 26 1 2 009 1492119512003
---
W 26 1 2 000 1492119479470
W 26 1 2 001 1492119484135
W 26 1 2 002 1492119486778
W 26 1 2 003 1492119490159
W 26 1 2 004 1492119493675
W 26 1 2 005 1492119497114
W 26 1 2 006 1492119500007
W 26 1 2 007 1492119502715
W 26 1 2 008 1492119506461
W 26 1 2 009 1492119509442
***
R 26 1 3 000 1492119640119
R 26 1 3 001 1492119642591
R 26 1 3 002 1492119646215
R 26 1 3 003 1492119638877
R 26 1 3 004 1492119645847
R 26 1 3 005 1492119655543
R 26 1 3 006 1492119644395
R 26 1 3 007 1492119661672
R 26 1 3 008 1492119648486
R 26 1 3 009 1492119652976
---
W 26 1 3 000 1492119636584
W 26 1 3 001 1492119641759
W 26 1 3 002 1492119643671
W 26 1 3 003 1492119647140
W 26 1 3 004 1492119650155
W 26 1 3 005 1492119653437
W 26 1 3 006 1492119656614
W 26 1 3 007 1492119658914
W 26 1 3 008 1492119662698
W 26 1 3 009 1492119664465
***
R 26 1 4 000 1492119786239
R 26 1 4 001 1492119789345
R 26 1 4 002 1492119792427
R 26 1 4 003 1492119787123
R 26 1 4 004 1492119800357
R 26 1 4 005 1492119804340
R 26 1 4 006 1492119802180
R 26 1 4 007 1492119786403
R 26 1 4 008 1492119813283
R 26 1 4 009 1492119815911
---
W 26 1 4 000 1492119783238
W 26 1 4 001 1492119787776
W 26 1 4 002 1492119790637
W 26 1 4 003 1492119793977
W 26 1 4 004 1492119797777
W 26 1 4 005 1492119801812
W 26 1 4 006 1492119805395
W 26 1 4 007 1492119807988
W 26 1 4 008 1492119811208
W 26 1 4 009 1492119814329
***
R 27 1 1 000 1492119945936
R 27 1 1 001 1492119949518
R 27 1 1 002 1492119954544
R 27 1 1 003 1492119956307
R 27 1 1 004 1492119944424
R 27 1 1 005 1492119966832
R 27 1 1 006 1492119970916
R 27 1 1 007 1492119943511
R 27 1 1 008 1492119969351
R 27 1 1 009 1492119947185
---
W 27 1 1 000 1492119942763
W 27 1 1 001 1492119947593
W 27 1 1 002 1492119951002
W 27 1 1 003 1492119955698
W 27 1 1 004 1492119959827
W 27 1 1 005 1492119964563
W 27 1 1 006 1492119967968
W 27 1 1 007 1492119972445
W 27 1 1 008 1492119974338
W 27 1 1 009 1492119975757
***
R 27 1 2 000 1492120100695
R 27 1 2 001 1492120103516
R 27 1 2 002 1492120106429
R 27 1 2 003 1492120108979
R 27 1 2 004 1492120111445
R 27 1 2 005 1492120114221
R 27 1 2 006 1492120117176
R 27 1 2 007 1492120105779
R 27 1 2 008 1492120100263
R 27 1 2 009 1492120126690
---
W 27 1 2 000 1492120097584
W 27 1 2 001 1492120102266
W 27 1 2 002 1492120104687
W 27 1 2 003 1492120107525
W 27 1 2 004 1492120110200
W 27 1 2 005 1492120112490
W 27 1 2 006 1492120115134
W 27 1 2 007 1492120118662
W 27 1 2 008 1492120122348
W 27 1 2 009 1492120125099
***
R 27 1 3 000 1492120254985
R 27 1 3 001 1492120257591
R 27 1 3 002 1492120254624
R 27 1 3 003 1492120263500
R 27 1 3 004 1492120266177
R 27 1 3 005 1492120269887
R 27 1 3 006 1492120273016
R 27 1 3 007 1492120275436
R 27 1 3 008 1492120278341
R 27 1 3 009 1492120266177
---
W 27 1 3 000 1492120252278
W 27 1 3 001 1492120256623
W 27 1 3 002 1492120258630
W 27 1 3 003 1492120261863
W 27 1 3 004 1492120264869
W 27 1 3 005 1492120267890
W 27 1 3 006 1492120271250
W 27 1 3 007 1492120274128
W 27 1 3 008 1492120276697
W 27 1 3 009 1492120279397
***
R 27 1 4 000 1492151677303
R 27 1 4 001 1492151681765
R 27 1 4 002 1492151686295
R 27 1 4 003 1492151689918
R 27 1 4 004 1492151694051
R 27 1 4 005 1492151697859
R 27 1 4 006 1492151702332
R 27 1 4 007 1492151677552
R 27 1 4 008 1492151709376
R 27 1 4 009 1492151691509
---
W 27 1 4 000 1492151673486
W 27 1 4 001 1492151679384
W 27 1 4 002 1492151683030
W 27 1 4 003 1492151687682
W 27 1 4 004 1492151691351
W 27 1 4 005 1492151695119
W 27 1 4 006 1492151700172
W 27 1 4 007 1492151703593
W 27 1 4 008 1492151706639
W 27 1 4 009 1492151710652
***
R 28 1 1 000 1492151843623
R 28 1 1 001 1492151847739
R 28 1 1 002 1492151851274
R 28 1 1 003 1492151856200
R 28 1 1 004 1492151848957
R 28 1 1 005 1492151859721
R 28 1 1 006 1492151851274
R 28 1 1 007 1492151858183
R 28 1 1 008 1492151849951
R 28 1 1 009 1492151845317
---
W 28 1 1 000 1492151839984
W 28 1 1 001 1492151845298
W 28 1 1 002 1492151849097
W 28 1 1 003 1492151852308
W 28 1 1 004 1492151857358
W 28 1 1 005 1492151861771
W 28 1 1 006 1492151863759
W 28 1 1 007 1492151865181
W 28 1 1 008 1492151866479
W 28 1 1 009 1492151867859
***
R 28 1 2 000 1492151995215
R 28 1 2 001 1492151999592
R 28 1 2 002 1492152000419
R 28 1 2 003 1492152008048
R 28 1 2 004 1492152003299
R 28 1 2 005 1492152005686
R 28 1 2 006 1492152022015
R 28 1 2 007 1492152026926
R 28 1 2 008 1492152030237
R 28 1 2 009 1492152008532
---
W 28 1 2 000 1492151991873
W 28 1 2 001 1492151996878
W 28 1 2 002 1492152000795
W 28 1 2 003 1492152004144
W 28 1 2 004 1492152009466
W 28 1 2 005 1492152013564
W 28 1 2 006 1492152018705
W 28 1 2 007 1492152023118
W 28 1 2 008 1492152028294
W 28 1 2 009 1492152031125
***
R 28 1 3 000 1492152162140
R 28 1 3 001 1492152165255
R 28 1 3 002 1492152170151
R 28 1 3 003 1492152174248
R 28 1 3 004 1492152170151
R 28 1 3 005 1492152182889
R 28 1 3 006 1492152186329
R 28 1 3 007 1492152159453
R 28 1 3 008 1492152194896
R 28 1 3 009 1492152198429
---
W 28 1 3 000 1492152158452
W 28 1 3 001 1492152163980
W 28 1 3 002 1492152166515
W 28 1 3 003 1492152171262
W 28 1 3 004 1492152175643
W 28 1 3 005 1492152180160
W 28 1 3 006 1492152184423
W 28 1 3 007 1492152187892
W 28 1 3 008 1492152192022
W 28 1 3 009 1492152196366
***
R 28 1 4 000 1492152891325
R 28 1 4 001 1492152896952
R 28 1 4 002 1492152900950
R 28 1 4 003 1492152894214
R 28 1 4 004 1492152911172
R 28 1 4 005 1492152906949
R 28 1 4 006 1492152915151
R 28 1 4 007 1492152890957
R 28 1 4 008 1492152906949
R 28 1 4 009 1492152929254
---
W 28 1 4 000 1492152887567
W 28 1 4 001 1492152893120
W 28 1 4 002 1492152898606
W 28 1 4 003 1492152902268
W 28 1 4 004 1492152907941
W 28 1 4 005 1492152912421
W 28 1 4 006 1492152916094
W 28 1 4 007 1492152919684
W 28 1 4 008 1492152923180
W 28 1 4 009 1492152926872
***
R 29 1 1 000 1492153070293
R 29 1 1 001 1492153073223
R 29 1 1 002 1492153073830
R 29 1 1 003 1492153071940
R 29 1 1 004 1492153086582
R 29 1 1 005 1492153089467
R 29 1 1 006 1492153076328
R 29 1 1 007 1492153096428
R 29 1 1 008 1492153070634
R 29 1 1 009 1492153094345
---
W 29 1 1 000 1492153067307
W 29 1 1 001 1492153071736
W 29 1 1 002 1492153074131
W 29 1 1 003 1492153078505
W 29 1 1 004 1492153082665
W 29 1 1 005 1492153088048
W 29 1 1 006 1492153091777
W 29 1 1 007 1492153095014
W 29 1 1 008 1492153097364
W 29 1 1 009 1492153099791
***
R 29 1 2 000 1492153229546
R 29 1 2 001 1492153232642
R 29 1 2 002 1492153230755
R 29 1 2 003 1492153233422
R 29 1 2 004 1492153246494
R 29 1 2 005 1492153250708
R 29 1 2 006 1492153236587
R 29 1 2 007 1492153257599
R 29 1 2 008 1492153229546
R 29 1 2 009 1492153252869
---
W 29 1 2 000 1492153226916
W 29 1 2 001 1492153231525
W 29 1 2 002 1492153233939
W 29 1 2 003 1492153238370
W 29 1 2 004 1492153243084
W 29 1 2 005 1492153247483
W 29 1 2 006 1492153252482
W 29 1 2 007 1492153255833
W 29 1 2 008 1492153258289
W 29 1 2 009 1492153260930
***
R 29 1 3 000 1492153393216
R 29 1 3 001 1492153392308
R 29 1 3 002 1492153399508
R 29 1 3 003 1492153403165
R 29 1 3 004 1492153408732
R 29 1 3 005 1492153395782
R 29 1 3 006 1492153417490
R 29 1 3 007 1492153421775
R 29 1 3 008 1492153420655
R 29 1 3 009 1492153430215
---
W 29 1 3 000 1492153390421
W 29 1 3 001 1492153395329
W 29 1 3 002 1492153398219
W 29 1 3 003 1492153400953
W 29 1 3 004 1492153404587
W 29 1 3 005 1492153409842
W 29 1 3 006 1492153414715
W 29 1 3 007 1492153418439
W 29 1 3 008 1492153423271
W 29 1 3 009 1492153427724
***
R 29 1 4 000 1492153567753
R 29 1 4 001 1492153572259
R 29 1 4 002 1492153576943
R 29 1 4 003 1492153569752
R 29 1 4 004 1492153567342
R 29 1 4 005 1492153590067
R 29 1 4 006 1492153583750
R 29 1 4 007 1492153598606
R 29 1 4 008 1492153602631
R 29 1 4 009 1492153605911
---
W 29 1 4 000 1492153564123
W 29 1 4 001 1492153569257
W 29 1 4 002 1492153573502
W 29 1 4 003 1492153578398
W 29 1 4 004 1492153582831
W 29 1 4 005 1492153587116
W 29 1 4 006 1492153591378
W 29 1 4 007 1492153595189
W 29 1 4 008 1492153599568
W 29 1 4 009 1492153603792
***
R 32 1 1 000 1492153751137
R 32 1 1 001 1492153754923
R 32 1 1 002 1492153750179
R 32 1 1 003 1492153762696
R 32 1 1 004 1492153766496
R 32 1 1 005 1492153768896
R 32 1 1 006 1492153750179
R 32 1 1 007 1492153778626
R 32 1 1 008 1492153759516
R 32 1 1 009 1492153786253
---
W 32 1 1 000 1492153747853
W 32 1 1 001 1492153752719
W 32 1 1 002 1492153755859
W 32 1 1 003 1492153759664
W 32 1 1 004 1492153763792
W 32 1 1 005 1492153767749
W 32 1 1 006 1492153771084
W 32 1 1 007 1492153775925
W 32 1 1 008 1492153780272
W 32 1 1 009 1492153784296
***
R 32 1 2 000 1492153937528
R 32 1 2 001 1492153936548
R 32 1 2 002 1492153945976
R 32 1 2 003 1492153949811
R 32 1 2 004 1492153935257
R 32 1 2 005 1492153950111
R 32 1 2 006 1492153960747
R 32 1 2 007 1492153940831
R 32 1 2 008 1492153967853
R 32 1 2 009 1492153935510
---
W 32 1 2 000 1492153933847
W 32 1 2 001 1492153939157
W 32 1 2 002 1492153943799
W 32 1 2 003 1492153947499
W 32 1 2 004 1492153950783
W 32 1 2 005 1492153953944
W 32 1 2 006 1492153957982
W 32 1 2 007 1492153961816
W 32 1 2 008 1492153965689
W 32 1 2 009 1492153969331
***
R 32 1 3 000 1492154111781
R 32 1 3 001 1492154114631
R 32 1 3 002 1492154118391
R 32 1 3 003 1492154122415
R 32 1 3 004 1492154127932
R 32 1 3 005 1492154131995
R 32 1 3 006 1492154114286
R 32 1 3 007 1492154139650
R 32 1 3 008 1492154125555
R 32 1 3 009 1492154142196
---
W 32 1 3 000 1492154109110
W 32 1 3 001 1492154113617
W 32 1 3 002 1492154115900
W 32 1 3 003 1492154120010
W 32 1 3 004 1492154124062
W 32 1 3 005 1492154129198
W 32 1 3 006 1492154133208
W 32 1 3 007 1492154137248
W 32 1 3 008 1492154140440
W 32 1 3 009 1492154143797
***
R 32 1 4 000 1492154289991
R 32 1 4 001 1492154293585
R 32 1 4 002 1492154296687
R 32 1 4 003 1492154289688
R 32 1 4 004 1492154302633
R 32 1 4 005 1492154306085
R 32 1 4 006 1492154297244
R 32 1 4 007 1492154292683
R 32 1 4 008 1492154294862
R 32 1 4 009 1492154320638
---
W 32 1 4 000 1492154286851
W 32 1 4 001 1492154291653
W 32 1 4 002 1492154294553
W 32 1 4 003 1492154297771
W 32 1 4 004 1492154300165
W 32 1 4 005 1492154303630
W 32 1 4 006 1492154307079
W 32 1 4 007 1492154311444
W 32 1 4 008 1492154314628
W 32 1 4 009 1492154318204
***
R 34 1 1 000 1492154475527
R 34 1 1 001 1492154476643
R 34 1 1 002 1492154482375
R 34 1 1 003 1492154486432
R 34 1 1 004 1492154490580
R 34 1 1 005 1492154489917
R 34 1 1 006 1492154497306
R 34 1 1 007 1492154480454
R 34 1 1 008 1492154476900
R 34 1 1 009 1492154489255
---
W 34 1 1 000 1492154472041
W 34 1 1 001 1492154476770
W 34 1 1 002 1492154481027
W 34 1 1 003 1492154484217
W 34 1 1 004 1492154488132
W 34 1 1 005 1492154492176
W 34 1 1 006 1492154496887
W 34 1 1 007 1492154500450
W 34 1 1 008 1492154501925
W 34 1 1 009 1492154503273
***
R 34 1 2 000 1492154649645
R 34 1 2 001 1492154652974
R 34 1 2 002 1492154658305
R 34 1 2 003 1492154661676
R 34 1 2 004 1492154660598
R 34 1 2 005 1492154653709
R 34 1 2 006 1492154673482
R 34 1 2 007 1492154658052
R 34 1 2 008 1492154680911
R 34 1 2 009 1492154684427
---
W 34 1 2 000 1492154647292
W 34 1 2 001 1492154651538
W 34 1 2 002 1492154654387
W 34 1 2 003 1492154659442
W 34 1 2 004 1492154662983
W 34 1 2 005 1492154666745
W 34 1 2 006 1492154670825
W 34 1 2 007 1492154675172
W 34 1 2 008 1492154678459
W 34 1 2 009 1492154681846
***
R 34 1 3 000 1492154841118
R 34 1 3 001 1492154844227
R 34 1 3 002 1492154847636
R 34 1 3 003 1492154851864
R 34 1 3 004 1492154856413
R 34 1 3 005 1492154842442
R 34 1 3 006 1492154863644
R 34 1 3 007 1492154840814
R 34 1 3 008 1492154840223
R 34 1 3 009 1492154868315
---
W 34 1 3 000 1492154838063
W 34 1 3 001 1492154842695
W 34 1 3 002 1492154845451
W 34 1 3 003 1492154848774
W 34 1 3 004 1492154852899
W 34 1 3 005 1492154857928
W 34 1 3 006 1492154861782
W 34 1 3 007 1492154864827
W 34 1 3 008 1492154869064
W 34 1 3 009 1492154871915
***
R 34 1 4 000 1492155025596
R 34 1 4 001 1492155025095
R 34 1 4 002 1492155035648
R 34 1 4 003 1492155033615
R 34 1 4 004 1492155028190
R 34 1 4 005 1492155047492
R 34 1 4 006 1492155051117
R 34 1 4 007 1492155048294
R 34 1 4 008 1492155056332
R 34 1 4 009 1492155059997
---
W 34 1 4 000 1492155021907
W 34 1 4 001 1492155027746
W 34 1 4 002 1492155031814
W 34 1 4 003 1492155037429
W 34 1 4 004 1492155040369
W 34 1 4 005 1492155044368
W 34 1 4 006 1492155048234
W 34 1 4 007 1492155051658
W 34 1 4 008 1492155054634
W 34 1 4 009 1492155058199
***
R 36 1 1 000 1492155222332
R 36 1 1 001 1492155227344
R 36 1 1 002 1492155232243
R 36 1 1 003 1492155224484
R 36 1 1 004 1492155222332
R 36 1 1 005 1492155232732
R 36 1 1 006 1492155222332
R 36 1 1 007 1492155239289
R 36 1 1 008 1492155260250
R 36 1 1 009 1492155228600
---
W 36 1 1 000 1492155219238
W 36 1 1 001 1492155223999
W 36 1 1 002 1492155228762
W 36 1 1 003 1492155233291
W 36 1 1 004 1492155238930
W 36 1 1 005 1492155244548
W 36 1 1 006 1492155248746
W 36 1 1 007 1492155253048
W 36 1 1 008 1492155257620
W 36 1 1 009 1492155261493
***
R 36 1 2 000 1492155422589
R 36 1 2 001 1492155426485
R 36 1 2 002 1492155431103
R 36 1 2 003 1492155421693
R 36 1 2 004 1492155438206
R 36 1 2 005 1492155443439
R 36 1 2 006 1492155427913
R 36 1 2 007 1492155452253
R 36 1 2 008 1492155456953
R 36 1 2 009 1492155461014
---
W 36 1 2 000 1492155419441
W 36 1 2 001 1492155424471
W 36 1 2 002 1492155427656
W 36 1 2 003 1492155432481
W 36 1 2 004 1492155435740
W 36 1 2 005 1492155440015
W 36 1 2 006 1492155444448
W 36 1 2 007 1492155449085
W 36 1 2 008 1492155453802
W 36 1 2 009 1492155457597
***
R 36 1 3 000 1492155623875
R 36 1 3 001 1492155627674
R 36 1 3 002 1492155626072
R 36 1 3 003 1492155636019
R 36 1 3 004 1492155623875
R 36 1 3 005 1492155624489
R 36 1 3 006 1492155649763
R 36 1 3 007 1492155630516
R 36 1 3 008 1492155658312
R 36 1 3 009 1492155636341
---
W 36 1 3 000 1492155620496
W 36 1 3 001 1492155625680
W 36 1 3 002 1492155629041
W 36 1 3 003 1492155633043
W 36 1 3 004 1492155637163
W 36 1 3 005 1492155642171
W 36 1 3 006 1492155647813
W 36 1 3 007 1492155650942
W 36 1 3 008 1492155656003
W 36 1 3 009 1492155659455
***
R 36 1 4 000 1492155817895
R 36 1 4 001 1492155821379
R 36 1 4 002 1492155826354
R 36 1 4 003 1492155822839
R 36 1 4 004 1492155831983
R 36 1 4 005 1492155827322
R 36 1 4 006 1492155819556
R 36 1 4 007 1492155846843
R 36 1 4 008 1492155828251
R 36 1 4 009 1492155855935
---
W 36 1 4 000 1492155814753
W 36 1 4 001 1492155819769
W 36 1 4 002 1492155822874
W 36 1 4 003 1492155827600
W 36 1 4 004 1492155833109
W 36 1 4 005 1492155837339
W 36 1 4 006 1492155841452
W 36 1 4 007 1492155845155
W 36 1 4 008 1492155848570
W 36 1 4 009 1492155852325
***
R 38 1 1 000 1492156020408
R 38 1 1 001 1492156023343
R 38 1 1 002 1492156030581
R 38 1 1 003 1492156035372
R 38 1 1 004 1492156021263
R 38 1 1 005 1492156045148
R 38 1 1 006 1492156049843
R 38 1 1 007 1492156053825
R 38 1 1 008 1492156057091
R 38 1 1 009 1492156059592
---
W 38 1 1 000 1492156017550
W 38 1 1 001 1492156022536
W 38 1 1 002 1492156027230
W 38 1 1 003 1492156031542
W 38 1 1 004 1492156036766
W 38 1 1 005 1492156042748
W 38 1 1 006 1492156046347
W 38 1 1 007 1492156050820
W 38 1 1 008 1492156054436
W 38 1 1 009 1492156058116
***
R 38 1 2 000 1492156229243
R 38 1 2 001 1492156235357
R 38 1 2 002 1492156240521
R 38 1 2 003 1492156245978
R 38 1 2 004 1492156242699
R 38 1 2 005 1492156256835
R 38 1 2 006 1492156262773
R 38 1 2 007 1492156227709
R 38 1 2 008 1492156227709
R 38 1 2 009 1492156275777
---
W 38 1 2 000 1492156225369
W 38 1 2 001 1492156230929
W 38 1 2 002 1492156236642
W 38 1 2 003 1492156241569
W 38 1 2 004 1492156247501
W 38 1 2 005 1492156253260
W 38 1 2 006 1492156258618
W 38 1 2 007 1492156264146
W 38 1 2 008 1492156267792
W 38 1 2 009 1492156272626
***
R 38 1 3 000 1492156442598
R 38 1 3 001 1492156446494
R 38 1 3 002 1492156451443
R 38 1 3 003 1492156455968
R 38 1 3 004 1492156441735
R 38 1 3 005 1492156447829
R 38 1 3 006 1492156470996
R 38 1 3 007 1492156449814
R 38 1 3 008 1492156477633
R 38 1 3 009 1492156445192
---
W 38 1 3 000 1492156440074
W 38 1 3 001 1492156444364
W 38 1 3 002 1492156448063
W 38 1 3 003 1492156452650
W 38 1 3 004 1492156457387
W 38 1 3 005 1492156462345
W 38 1 3 006 1492156467397
W 38 1 3 007 1492156472043
W 38 1 3 008 1492156475647
W 38 1 3 009 1492156478528
***
R 38 1 4 000 1492156640908
R 38 1 4 001 1492156646955
R 38 1 4 002 1492156651543
R 38 1 4 003 1492156640908
R 38 1 4 004 1492156660544
R 38 1 4 005 1492156640704
R 38 1 4 006 1492156669944
R 38 1 4 007 1492156655900
R 38 1 4 008 1492156676520
R 38 1 4 009 1492156677441
---
W 38 1 4 000 1492156639590
W 38 1 4 001 1492156644228
W 38 1 4 002 1492156647847
W 38 1 4 003 1492156653078
W 38 1 4 004 1492156657243
W 38 1 4 005 1492156662271
W 38 1 4 006 1492156667543
W 38 1 4 007 1492156670571
W 38 1 4 008 1492156673491
W 38 1 4 009 1492156677528
***
R 45 1 1 000 1492156865643
R 45 1 1 001 1492156872823
R 45 1 1 002 1492156878388
R 45 1 1 003 1492156880535
R 45 1 1 004 1492156874344
R 45 1 1 005 1492156880535
R 45 1 1 006 1492156865236
R 45 1 1 007 1492156908109
R 45 1 1 008 1492156869604
R 45 1 1 009 1492156864532
---
W 45 1 1 000 1492156862399
W 45 1 1 001 1492156867437
W 45 1 1 002 1492156874009
W 45 1 1 003 1492156880040
W 45 1 1 004 1492156885792
W 45 1 1 005 1492156891103
W 45 1 1 006 1492156897688
W 45 1 1 007 1492156903072
W 45 1 1 008 1492156908629
W 45 1 1 009 1492156912691
***
R 45 1 2 000 1492157101501
R 45 1 2 001 1492157107207
R 45 1 2 002 1492157110507
R 45 1 2 003 1492157107207
R 45 1 2 004 1492157103004
R 45 1 2 005 1492157131369
R 45 1 2 006 1492157136311
R 45 1 2 007 1492157132281
R 45 1 2 008 1492157109093
R 45 1 2 009 1492157152775
---
W 45 1 2 000 1492157097706
W 45 1 2 001 1492157103399
W 45 1 2 002 1492157109020
W 45 1 2 003 1492157115519
W 45 1 2 004 1492157121154
W 45 1 2 005 1492157127687
W 45 1 2 006 1492157132739
W 45 1 2 007 1492157137759
W 45 1 2 008 1492157143356
W 45 1 2 009 1492157148052
***
R 45 1 3 000 1492157344915
R 45 1 3 001 1492157350889
R 45 1 3 002 1492157358108
R 45 1 3 003 1492157344915
R 45 1 3 004 1492157346328
R 45 1 3 005 1492157373318
R 45 1 3 006 1492157362327
R 45 1 3 007 1492157346685
R 45 1 3 008 1492157357515
R 45 1 3 009 1492157343325
---
W 45 1 3 000 1492157341356
W 45 1 3 001 1492157346734
W 45 1 3 002 1492157352482
W 45 1 3 003 1492157359091
W 45 1 3 004 1492157364190
W 45 1 3 005 1492157368391
W 45 1 3 006 1492157373736
W 45 1 3 007 1492157377256
W 45 1 3 008 1492157378664
W 45 1 3 009 1492157380174
***
R 45 1 4 000 1492157563859
R 45 1 4 001 1492157568601
R 45 1 4 002 1492157574887
R 45 1 4 003 1492157580760
R 45 1 4 004 1492157586871
R 45 1 4 005 1492157593181
R 45 1 4 006 1492157566542
R 45 1 4 007 1492157583294
R 45 1 4 008 1492157566342
R 45 1 4 009 1492157587839
---
W 45 1 4 000 1492157560891
W 45 1 4 001 1492157565547
W 45 1 4 002 1492157570158
W 45 1 4 003 1492157576515
W 45 1 4 004 1492157581668
W 45 1 4 005 1492157588312
W 45 1 4 006 1492157594524
W 45 1 4 007 1492157597281
W 45 1 4 008 1492157598802
W 45 1 4 009 1492157600334
***
